# NaN NaN NaN ;Mean Elev.(m), Avg Gradient(m/km), RMS Gradient(m/km) - SRTM1     
#   14.396   0.351   4.213 ;Mean Elev.(m), Avg Gradient(m/km), RMS Gradient(m/km) - ASTER GDEM
#    1.786   0.427   3.845 ;Mean Elev.(m), Avg Gradient(m/km), RMS Gradient(m/km) - GMTED2010 
  6     2.153 52420.07313258 16.30 302.846518   5.604096  6.822
  6     1.479 52420.07313322 16.72 302.845788   5.607396  6.822
  6     0.902 52420.07313387 16.44 302.845058   5.610706  6.822
  6     0.978 52420.07313451 14.99 302.844328   5.614006  6.822
  6     0.970 52420.07313516 14.77 302.843598   5.617316  6.822
  6     0.830 52420.07313580 14.93 302.842868   5.620616  6.822
  6     1.240 52420.07313645 13.87 302.842128   5.623926  6.822
  6     1.618 52420.07313709 14.44 302.841398   5.627226  6.822
  6     1.952 52420.07313773 15.10 302.840668   5.630536  6.822
  6     1.927 52420.07313838 15.35 302.839938   5.633836  6.822
  6     1.934 52420.07313902 14.59 302.839208   5.637146  6.822
  6     1.948 52420.07313967 15.68 302.838478   5.640446  6.822
  6     2.098 52420.07314031 16.54 302.837748   5.643756  6.822
  6     1.609 52420.07314096 21.22 302.837018   5.647056  6.822
  7     1.789 52455.07315701 38.50 302.846403   5.604834  9.872
  7     1.709 52455.07315766 37.51 302.845673   5.608134  9.872
  7     1.760 52455.07315830 33.95 302.844943   5.611444  9.872
  7     1.599 52455.07315895 27.85 302.844213   5.614744  9.872
  7     1.399 52455.07315959 26.45 302.843483   5.618054  9.872
  7     1.263 52455.07316024 26.31 302.842753   5.621354  9.872
  7     1.227 52455.07316088 25.11 302.842023   5.624664  9.872
  7     1.218 52455.07316153 24.31 302.841293   5.627964  9.872
  7     1.275 52455.07316217 23.33 302.840563   5.631274  9.872
  7     1.105 52455.07316282 23.01 302.839833   5.634574  9.872
  7     1.067 52455.07316346 22.26 302.839093   5.637884  9.872
  7     1.484 52455.07316411 22.17 302.838370   5.641190 10.873
  7     1.736 52455.07316475 21.59 302.837630   5.644500 10.873
  7     1.753 52455.07316539 21.46 302.836900   5.647800 10.873
  8     2.575 52490.07313533 15.06 302.851875   5.620906  8.303
  8     2.375 52490.07313598 15.04 302.851145   5.624206  8.303
  8     2.134 52490.07313662 15.22 302.850415   5.627516  8.303
  8     1.736 52490.07313727 15.49 302.849685   5.630816  8.303
  8     1.189 52490.07313791 15.69 302.848955   5.634126  8.303
  8     0.705 52490.07313856 16.09 302.848225   5.637426  8.303
  8     0.418 52490.07313920 16.79 302.847495   5.640736  8.303
  8     0.119 52490.07313985 18.62 302.846765   5.644036  8.303
  8     0.063 52490.07314049 18.92 302.846035   5.647346  8.303
  8     0.136 52490.07314114 19.62 302.845305   5.650646  8.303
  8     0.411 52490.07314178 19.14 302.844565   5.653956  8.303
  8     0.666 52490.07314242 19.80 302.843835   5.657256  8.303
  9     0.990 52525.07311150 19.33 302.849644   5.610231  7.760
  9     0.887 52525.07311215 21.67 302.848914   5.613531  7.760
  9     1.413 52525.07311279 15.14 302.848184   5.616841  7.760
  9     0.955 52525.07311344 13.76 302.847454   5.620151  7.760
  9     0.968 52525.07311408 13.11 302.846724   5.623451  7.760
  9     0.869 52525.07311473 12.86 302.845994   5.626761  7.760
  9     0.758 52525.07311537 12.77 302.845264   5.630061  7.760
  9     0.736 52525.07311602 13.63 302.844527   5.633368 12.762
  9     0.426 52525.07311666 15.47 302.843797   5.636678 12.762
  9     0.605 52525.07311731 16.13 302.843067   5.639978 12.762
  9     0.511 52525.07311795 16.87 302.842337   5.643288 12.762
  9     0.411 52525.07311860 19.23 302.841607   5.646588 12.762
  9     0.273 52525.07311924 22.96 302.840877   5.649898 12.762
  9     0.549 52525.07311988 22.29 302.840147   5.653198 12.762
  9     0.815 52525.07312053 20.34 302.839417   5.656508 12.762
 10     1.914 52560.07315988 31.62 302.847339   5.607300  9.268
 10     1.398 52560.07316052 25.59 302.846609   5.610600  9.268
 10     1.440 52560.07316117 26.33 302.845879   5.613910  9.268
 10     1.321 52560.07316181 26.90 302.845149   5.617210  9.268
 10     1.116 52560.07316246 27.77 302.844419   5.620520  9.268
 10     1.071 52560.07316310 29.40 302.843689   5.623830  9.268
 10     0.806 52560.07316375 27.65 302.842949   5.627130  9.268
 10     0.638 52560.07316439 27.75 302.842224   5.630436 19.075
 10     0.371 52560.07316504 28.49 302.841494   5.633736 19.075
 10     0.031 52560.07316568 27.30 302.840764   5.637046 19.075
 10    -0.212 52560.07316633 27.60 302.840024   5.640346 19.075
 10    -0.199 52560.07316697 26.84 302.839294   5.643656 19.075
 10     1.301 52560.07316762 26.99 302.838564   5.646966 19.075
 10     1.565 52560.07316826 26.77 302.837834   5.650266 19.075
 10     1.576 52560.07316891 40.62 302.837104   5.653576 19.075
 11    -0.200 52595.07316491 15.43 302.844801   5.599221  4.847
 11    -0.203 52595.07316555 14.34 302.844071   5.602531  4.847
 11    -0.168 52595.07316620 13.65 302.843341   5.605831  4.847
 11    -0.187 52595.07316684 14.03 302.842611   5.609141  4.847
 11    -0.279 52595.07316749 14.20 302.841881   5.612441  4.847
 11    -0.350 52595.07316813 13.54 302.841151   5.615751  4.847
 11    -0.303 52595.07316878 13.64 302.840421   5.619051  4.847
 11    -0.305 52595.07316942 13.24 302.839681   5.622361  4.847
 11    -0.321 52595.07317007 12.92 302.838960   5.625667 13.675
 11    -0.422 52595.07317071 13.77 302.838220   5.628977 13.675
 11    -0.300 52595.07317136 12.90 302.837490   5.632277 13.675
 12     0.771 52630.07310071 32.08 302.849694   5.618090 12.791
 12     0.738 52630.07310135 20.44 302.848966   5.621395 20.240
 12     0.627 52630.07310200 18.99 302.848236   5.624705 20.240
 12     0.541 52630.07310264 17.74 302.847506   5.628005 20.240
 12     0.573 52630.07310329 17.07 302.846766   5.631315 20.240
 12     0.585 52630.07310393 16.47 302.846036   5.634615 20.240
 12     0.610 52630.07310458 15.87 302.845306   5.637925 20.240
 12     0.569 52630.07310522 15.98 302.844576   5.641225 20.240
 12     0.523 52630.07310587 15.78 302.843846   5.644535 20.240
 12     0.444 52630.07310651 16.92 302.843116   5.647835 20.240
 12     0.456 52630.07310715 17.48 302.842386   5.651145 20.240
 12     0.589 52630.07310780 16.83 302.841656   5.654445 20.240
 12     0.638 52630.07310844 18.84 302.840916   5.657755 20.240
 14     0.247 52700.07310364 10.31 302.852022   5.620232  3.705
 14     0.114 52700.07310429 11.41 302.851293   5.623538 12.140
 14     0.218 52700.07310493 11.65 302.850563   5.626848 12.140
 14     0.099 52700.07310557 14.39 302.849833   5.630148 12.140
 14    -0.030 52700.07310622 14.98 302.849093   5.633448 12.140
 14     0.113 52700.07310686 13.60 302.848363   5.636758 12.140
 14    -0.052 52700.07310751 15.51 302.847633   5.640068 12.140
 14    -0.112 52700.07310815 15.85 302.846903   5.643368 12.140
 14    -1.241 52700.07310880 19.83 302.846173   5.646678 12.140
 14    -0.927 52700.07310944 21.27 302.845443   5.649978 12.140
 14    -0.569 52700.07311009 21.39 302.844713   5.653288 12.140
 14    -0.342 52700.07311073 21.79 302.843973   5.656588 12.140
 14    -0.434 52700.07311138 22.04 302.843243   5.659898 12.140
 15     1.440 52735.07313479 11.31 302.852156   5.620375  6.780
 15     1.507 52735.07313543 10.40 302.851426   5.623675  6.780
 15     1.493 52735.07313608 10.83 302.850696   5.626985  6.780
 15     1.418 52735.07313672 11.65 302.849966   5.630285  6.780
 15     1.353 52735.07313737 11.69 302.849236   5.633595  6.780
 15     1.395 52735.07313801 11.92 302.848506   5.636895  6.780
 15     1.278 52735.07313866 13.30 302.847766   5.640205  6.780
 15     1.213 52735.07313930 14.07 302.847036   5.643505  6.780
 15     0.972 52735.07313995 16.34 302.846306   5.646815  6.780
 15     1.085 52735.07314059 15.31 302.845576   5.650115  6.780
 15     1.099 52735.07314124 15.24 302.844846   5.653425  6.780
 15     1.269 52735.07314188 15.15 302.844116   5.656725  6.780
 15     1.476 52735.07314253 18.71 302.843386   5.660035  6.780
 16     0.460 52770.07312132 15.23 302.848740   5.610898  3.382
 16     0.464 52770.07312197 13.81 302.848010   5.614198  3.382
 16     0.321 52770.07312261 14.25 302.847280   5.617508  3.382
 16     0.206 52770.07312326 15.32 302.846550   5.620808  3.382
 16     0.308 52770.07312390 14.15 302.845820   5.624118  3.382
 16     0.286 52770.07312455 15.60 302.845090   5.627418  3.382
 16     0.288 52770.07312519 14.82 302.844360   5.630728  3.382
 16     0.182 52770.07312584 15.06 302.843630   5.634028  3.382
 16     0.196 52770.07312648 15.37 302.842900   5.637338  3.382
 16     0.004 52770.07312713 16.77 302.842164   5.640644  9.284
 16    -1.150 52770.07312777 19.21 302.841434   5.643954  9.284
 16     0.885 52770.07312841 19.50 302.840704   5.647254  9.284
 16     0.187 52770.07312906 19.76 302.839974   5.650564  9.284
 16     0.210 52770.07312970 21.16 302.839244   5.653864  9.284
 17     1.271 52805.07315688 17.90 302.847724   5.606866  4.444
 17     0.932 52805.07315752 18.22 302.846994   5.610166  4.444
 17     0.905 52805.07315817 18.50 302.846264   5.613476  4.444
 17     0.982 52805.07315881 16.59 302.845535   5.616781 13.263
 17     1.047 52805.07315946 15.50 302.844805   5.620081 13.263
 17     1.093 52805.07316010 15.09 302.844075   5.623391 13.263
 17     1.252 52805.07316075 15.25 302.843335   5.626701 13.263
 17     1.627 52805.07316139 15.24 302.842605   5.630001 13.263
 17     1.720 52805.07316204 15.58 302.841875   5.633311 13.263
 17     1.816 52805.07316268 16.36 302.841145   5.636611 13.263
 17     1.855 52805.07316333 17.77 302.840415   5.639921 13.263
 17     1.752 52805.07316397 17.67 302.839685   5.643221 13.263
 17     1.705 52805.07316462 19.32 302.838955   5.646531 13.263
 17     0.705 52805.07316526 24.39 302.838215   5.649831 13.263
 17     0.450 52805.07316591 27.79 302.837485   5.653141 13.263
 18     1.803 52840.07321894 40.10 302.849495   5.610969  6.595
 18     1.783 52840.07321958 41.00 302.848755   5.614269  6.595
 18     1.778 52840.07322022 37.02 302.848025   5.617579  6.595
 18     1.706 52840.07322087 32.18 302.847299   5.620884 16.167
 18     1.595 52840.07322151 31.68 302.846569   5.624184 16.167
 18     1.704 52840.07322216 32.16 302.845829   5.627494 16.167
 18     1.765 52840.07322280 31.31 302.845099   5.630804 16.167
 18     1.623 52840.07322345 31.34 302.844369   5.634104 16.167
 18     1.685 52840.07322409 32.94 302.843639   5.637414 16.167
 18     1.734 52840.07322474 33.96 302.842909   5.640714 16.167
 18     1.768 52840.07322538 33.76 302.842179   5.644024 16.167
 18     1.882 52840.07322603 37.41 302.841449   5.647324 16.167
 18     1.875 52840.07322667 40.50 302.840709   5.650634 16.167
 18     1.866 52840.07322732 44.20 302.839979   5.653934 16.167
 18     1.819 52840.07322796 46.64 302.839249   5.657244 16.167
 19     1.790 52875.07325781 16.97 302.848751   5.609798  4.379
 19     1.708 52875.07325846 16.56 302.848021   5.613098  4.379
 19     1.601 52875.07325910 15.86 302.847291   5.616408  4.379
 19     1.484 52875.07325975 15.28 302.846551   5.619708  4.379
 19     1.235 52875.07326039 15.60 302.845827   5.623014 13.587
 19     1.006 52875.07326104 15.39 302.845087   5.626314 13.587
 19     0.366 52875.07326168 15.92 302.844357   5.629624 13.587
 19     0.807 52875.07326233 15.75 302.843627   5.632924 13.587
 19     0.517 52875.07326297 16.76 302.842897   5.636234 13.587
 19     0.658 52875.07326362 17.30 302.842167   5.639544 13.587
 19     0.891 52875.07326426 19.35 302.841437   5.642844 13.587
 19    -1.276 52875.07326490 23.95 302.840707   5.646154 13.587
 19    -0.721 52875.07326555 24.94 302.839977   5.649454 13.587
 19    -0.582 52875.07326619 26.42 302.839247   5.652764 13.587
 19    -0.273 52875.07326684 25.87 302.838507   5.656064 13.587
 21     1.493 52945.07317288 17.49 302.852019   5.622756  5.308
 21     1.317 52945.07317352 18.03 302.851289   5.626066  5.308
 21     1.154 52945.07317417 18.87 302.850559   5.629371 15.128
 21     1.093 52945.07317481 19.45 302.849829   5.632681 15.128
 21     0.861 52945.07317546 20.38 302.849099   5.635981 15.128
 21     0.782 52945.07317610 21.44 302.848369   5.639291 15.128
 21     0.560 52945.07317675 22.99 302.847629   5.642591 15.128
 21     0.366 52945.07317739 24.65 302.846899   5.645901 15.128
 21     0.263 52945.07317803 26.70 302.846169   5.649201 15.128
 21     0.536 52945.07317868 27.16 302.845439   5.652511 15.128
 21     0.971 52945.07317932 26.16 302.844709   5.655811 15.128
 21     1.246 52945.07317997 25.59 302.843979   5.659121 15.128
 23     1.314 53015.07321594 22.24 302.848130   5.606989  6.655
 23     1.278 53015.07321659 21.83 302.847400   5.610299  6.655
 23     1.200 53015.07321723 21.99 302.846670   5.613599  6.655
 23     1.040 53015.07321788 20.51 302.845940   5.616909  6.655
 23     0.936 53015.07321852 18.98 302.845210   5.620209  6.655
 23     0.959 53015.07321917 18.57 302.844480   5.623519  6.655
 23     0.867 53015.07321981 18.95 302.843750   5.626829  6.655
 23     0.726 53015.07322045 19.62 302.843020   5.630129  6.655
 23     0.537 53015.07322110 19.53 302.842281   5.633435 14.257
 23     0.220 53015.07322174 20.49 302.841551   5.636735 14.257
 23    -0.031 53015.07322239 20.56 302.840821   5.640045 14.257
 23     0.708 53015.07322303 20.21 302.840091   5.643345 14.257
 23     0.557 53015.07322368 22.53 302.839361   5.646655 14.257
 23    -1.885 53015.07322432 23.44 302.838631   5.649965 14.257
 23     1.033 53015.07322497 21.11 302.837901   5.653265 14.257
 24     0.455 53050.07319128 23.53 302.849377   5.611913  3.643
 24     0.687 53050.07319193 18.73 302.848647   5.615213  3.643
 24     0.479 53050.07319257 19.39 302.847917   5.618523  3.643
 24     0.369 53050.07319322 20.14 302.847177   5.621833  3.643
 24     0.443 53050.07319386 19.71 302.846447   5.625133  3.643
 24     0.444 53050.07319451 19.18 302.845719   5.628439 18.355
 24     0.359 53050.07319515 19.76 302.844989   5.631739 18.355
 24     0.203 53050.07319580 20.44 302.844259   5.635049 18.355
 24     0.123 53050.07319644 20.59 302.843519   5.638359 18.355
 24    -0.238 53050.07319709 22.59 302.842789   5.641659 18.355
 24    -0.215 53050.07319773 22.77 302.842059   5.644969 18.355
 24     0.175 53050.07319837 23.17 302.841329   5.648269 18.355
 24     0.491 53050.07319902 23.04 302.840599   5.651579 18.355
 24     0.602 53050.07319966 33.73 302.839869   5.654879 18.355
 25     0.578 53085.07322471 14.70 302.844248   5.598959  5.911
 25     0.588 53085.07322536 15.23 302.843518   5.602259  5.911
 25     0.533 53085.07322600 14.47 302.842788   5.605569  5.911
 25     0.511 53085.07322665 13.91 302.842058   5.608869  5.911
 25     0.528 53085.07322729 13.32 302.841328   5.612179  5.911
 25     0.507 53085.07322794 12.86 302.840598   5.615479  5.911
 25     0.485 53085.07322858 12.44 302.839868   5.618789  5.911
 25     0.594 53085.07322923 11.13 302.839138   5.622089  5.911
 25     0.652 53085.07322987 10.96 302.838408   5.625399  5.911
 25     0.477 53085.07323052 10.84 302.837669   5.628705 13.702
 25     2.012 53085.07323116 11.14 302.836939   5.632015 13.702
 26     1.468 53120.07319610 19.64 302.847156   5.605154  5.348
 26     1.295 53120.07319674 18.43 302.846426   5.608454  5.348
 26     1.305 53120.07319739 18.72 302.845696   5.611764  5.348
 26     1.217 53120.07319803 16.27 302.844966   5.615064  5.348
 26     1.075 53120.07319868 16.89 302.844226   5.618374  5.348
 26     1.139 53120.07319932 15.75 302.843496   5.621674  5.348
 26     1.081 53120.07319997 15.72 302.842766   5.624984  5.348
 26     1.090 53120.07320061 16.70 302.842039   5.628289 14.163
 26     1.269 53120.07320126 16.35 302.841309   5.631599 14.163
 26     1.196 53120.07320190 17.96 302.840579   5.634899 14.163
 26     1.358 53120.07320255 17.75 302.839839   5.638209 14.163
 26     1.519 53120.07320319 17.59 302.839109   5.641509 14.163
 26     1.439 53120.07320384 18.58 302.838379   5.644819 14.163
 26     1.383 53120.07320448 24.00 302.837649   5.648119 14.163
 26     1.384 53120.07320513 29.83 302.836919   5.651429 14.163
 27     2.331 53155.07324830 15.75 302.844965   5.599614  4.936
 27     2.078 53155.07324895 15.85 302.844235   5.602914  4.936
 27     1.115 53155.07324959 16.59 302.843505   5.606224  4.936
 27     0.457 53155.07325023 16.24 302.842775   5.609524  4.936
 27     0.337 53155.07325088 16.93 302.842045   5.612834  4.936
 27     0.300 53155.07325152 17.17 302.841315   5.616134  4.936
 27     0.210 53155.07325217 16.82 302.840575   5.619444  4.936
 27     1.036 53155.07325281 16.31 302.839851   5.622750  8.622
 27     1.464 53155.07325346 16.48 302.839111   5.626060  8.622
 27     2.015 53155.07325410 16.33 302.838381   5.629360  8.622
 27     2.201 53155.07325475 15.97 302.837651   5.632670  8.622
 28     0.909 53190.07324275 21.96 302.851913   5.622900 13.144
 28     1.995 53190.07324340 19.78 302.851173   5.626200 13.144
 28     0.853 53190.07324404 19.85 302.850443   5.629510 13.144
 28     0.605 53190.07324469 19.82 302.849713   5.632820 13.144
 28     0.711 53190.07324533 18.51 302.848983   5.636120 13.144
 28     0.507 53190.07324597 18.19 302.848253   5.639430 13.144
 28     0.503 53190.07324662 17.67 302.847523   5.642730 13.144
 28     0.345 53190.07324726 17.56 302.846793   5.646040 13.144
 28     0.291 53190.07324791 16.96 302.846063   5.649340 13.144
 28     0.388 53190.07324855 16.82 302.845323   5.652650 13.144
 28     0.364 53190.07324920 17.11 302.844593   5.655950 13.144
 28     0.511 53190.07324984 17.72 302.843863   5.659260 13.144
 29     1.839 53225.07325186 29.64 302.849996   5.618902  7.801
 29     1.779 53225.07325251 29.37 302.849266   5.622202  7.801
 29     1.703 53225.07325315 30.32 302.848536   5.625512  7.801
 29     1.748 53225.07325380 29.96 302.847806   5.628812  7.801
 29     1.585 53225.07325444 30.64 302.847066   5.632118 26.058
 29     1.468 53225.07325509 30.64 302.846336   5.635418 26.058
 29     1.343 53225.07325573 28.96 302.845606   5.638728 26.058
 29     1.134 53225.07325638 28.75 302.844876   5.642038 26.058
 29     0.772 53225.07325702 29.84 302.844146   5.645338 26.058
 29     0.725 53225.07325767 30.14 302.843416   5.648648 26.058
 29     0.998 53225.07325831 29.59 302.842686   5.651948 26.058
 29     1.483 53225.07325896 27.11 302.841956   5.655258 26.058
 29     1.999 53225.07325960 42.21 302.841226   5.658558 26.058
 30     1.956 53260.07322405 14.56 302.846624   5.605687  6.205
 30     1.727 53260.07322470 14.11 302.845894   5.608997  6.205
 30     0.620 53260.07322534 15.92 302.845164   5.612297  6.205
 30     0.608 53260.07322599 15.87 302.844434   5.615607  6.205
 30     0.547 53260.07322663 14.57 302.843704   5.618917  6.205
 30     0.448 53260.07322728 14.45 302.842974   5.622217  6.205
 30     0.524 53260.07322792 14.04 302.842244   5.625527  6.205
 30     0.629 53260.07322857 14.92 302.841514   5.628827  6.205
 30     0.759 53260.07322921 16.05 302.840778   5.632134 15.715
 30     1.186 53260.07322985 17.03 302.840048   5.635444 15.715
 30     1.427 53260.07323050 17.93 302.839318   5.638744 15.715
 30     1.318 53260.07323114 19.71 302.838588   5.642054 15.715
 30    -0.941 53260.07323179 21.55 302.837858   5.645354 15.715
 30    -0.477 53260.07323243 23.62 302.837128   5.648664 15.715
 31     1.205 53295.07325058 14.25 302.843439   5.596239  4.631
 31     1.262 53295.07325122 14.08 302.842709   5.599539  4.631
 31     1.243 53295.07325187 14.30 302.841979   5.602849  4.631
 31     1.138 53295.07325251 13.84 302.841249   5.606149  4.631
 31     1.038 53295.07325316 14.08 302.840519   5.609459  4.631
 31     0.963 53295.07325380 14.15 302.839789   5.612759  4.631
 31     1.136 53295.07325445 13.36 302.839059   5.616069  4.631
 31     1.168 53295.07325509 13.23 302.838329   5.619369  4.631
 31     1.116 53295.07325574 13.14 302.837589   5.622679  4.631
 31     1.205 53295.07325638 13.50 302.836863   5.625985  8.790
 31     1.697 53295.07325703 12.52 302.836133   5.629295  8.790
 32     2.184 53330.07322707 17.37 302.848796   5.616089  6.635
 32     2.020 53330.07322771 16.68 302.848066   5.619399  6.635
 32     1.405 53330.07322836 17.58 302.847326   5.622699  6.635
 32     0.790 53330.07322900 16.69 302.846594   5.626005 20.265
 32     0.441 53330.07322965 18.75 302.845864   5.629305 20.265
 32     0.299 53330.07323029 18.52 302.845134   5.632615 20.265
 32     0.377 53330.07323094 18.18 302.844404   5.635915 20.265
 32     0.018 53330.07323158 20.13 302.843674   5.639225 20.265
 32    -0.444 53330.07323223 22.43 302.842944   5.642535 20.265
 32    -0.817 53330.07323287 24.74 302.842214   5.645835 20.265
 32    -0.461 53330.07323352 25.30 302.841484   5.649145 20.265
 32     0.160 53330.07323416 24.28 302.840754   5.652445 20.265
 32     0.416 53330.07323481 22.54 302.840014   5.655755 20.265
 33     0.225 53365.07317765 11.78 302.850556   5.621544  3.750
 33     0.285 53365.07317829 12.01 302.849826   5.624844  3.750
 33     0.156 53365.07317893 12.40 302.849096   5.628154  3.750
 33     0.094 53365.07317958 13.03 302.848359   5.631461 11.716
 33     0.051 53365.07318022 12.86 302.847629   5.634761 11.716
 33    -0.033 53365.07318087 14.06 302.846899   5.638071 11.716
 33    -0.146 53365.07318151 14.89 302.846169   5.641381 11.716
 33    -0.097 53365.07318216 14.52 302.845439   5.644681 11.716
 33    -0.224 53365.07318280 17.42 302.844709   5.647991 11.716
 33    -0.210 53365.07318345 18.55 302.843979   5.651291 11.716
 33    -0.219 53365.07318409 20.11 302.843249   5.654601 11.716
 33    -0.159 53365.07318474 21.67 302.842519   5.657901 11.716
 35     2.381 53435.07319199 14.67 302.849975   5.618089  6.599
 35     2.154 53435.07319263 14.75 302.849245   5.621389  6.599
 35     1.829 53435.07319328 15.36 302.848515   5.624699  6.599
 35     1.570 53435.07319392 15.68 302.847776   5.628005  7.210
 35     0.287 53435.07319457 15.89 302.847046   5.631315  7.210
 35     0.084 53435.07319521 15.82 302.846316   5.634615  7.210
 35    -0.085 53435.07319586 16.60 302.845586   5.637925  7.210
 35    -0.345 53435.07319650 17.14 302.844856   5.641225  7.210
 35    -0.526 53435.07319715 18.66 302.844126   5.644535  7.210
 35    -0.824 53435.07319779 19.33 302.843396   5.647835  7.210
 35    -0.541 53435.07319844 19.66 302.842666   5.651145  7.210
 35    -0.259 53435.07319908 19.89 302.841936   5.654445  7.210
 35    -0.150 53435.07319973 21.30 302.841206   5.657755  7.210
 36     2.244 53470.07323470 19.24 302.847661   5.604195  8.418
 36     2.349 53470.07323534 15.65 302.846931   5.607495  8.418
 36     1.536 53470.07323599 18.01 302.846191   5.610805  8.418
 36     1.326 53470.07323663 17.02 302.845461   5.614105  8.418
 36     1.136 53470.07323728 15.28 302.844731   5.617415  8.418
 36     1.085 53470.07323792 14.63 302.844004   5.620719 16.588
 36     0.954 53470.07323857 13.93 302.843274   5.624029 16.588
 36     1.101 53470.07323921 13.77 302.842544   5.627329 16.588
 36     1.351 53470.07323986 13.27 302.841804   5.630639 16.588
 36     1.533 53470.07324050 13.62 302.841074   5.633939 16.588
 36     1.833 53470.07324115 13.12 302.840344   5.637249 16.588
 36     1.889 53470.07324179 13.25 302.839614   5.640549 16.588
 36     2.012 53470.07324243 14.97 302.838884   5.643859 16.588
 36     1.055 53470.07324308 20.58 302.838154   5.647159 16.588
 36     1.036 53470.07324372 21.58 302.837424   5.650469 16.588
 36     0.809 53470.07324437 28.16 302.836694   5.653769 16.588
 38     0.173 53540.07327614 24.13 302.847690   5.606643  6.058
 38     0.152 53540.07327678 23.64 302.846960   5.609953  6.058
 38     0.184 53540.07327743 24.22 302.846230   5.613253  6.058
 38     0.188 53540.07327807 22.39 302.845500   5.616563  6.058
 38     0.040 53540.07327872 21.81 302.844770   5.619863  6.058
 38    -0.079 53540.07327936 20.59 302.844038   5.623170 11.826
 38    -0.151 53540.07328000 19.39 302.843298   5.626480 11.826
 38    -0.136 53540.07328065 18.39 302.842568   5.629780 11.826
 38    -0.089 53540.07328129 18.12 302.841838   5.633080 11.826
 38    -0.039 53540.07328194 17.81 302.841108   5.636390 11.826
 38     0.090 53540.07328258 17.59 302.840378   5.639700 11.826
 38     1.145 53540.07328323 18.12 302.839648   5.643000 11.826
 38    -0.275 53540.07328387 19.37 302.838918   5.646310 11.826
 38    -0.053 53540.07328452 22.22 302.838188   5.649610 11.826
 38    -0.149 53540.07328516 27.24 302.837448   5.652920 11.826
 39     1.353 53575.07326994 43.98 302.847515   5.604270 11.579
 39     1.468 53575.07327059 42.62 302.846785   5.607580 11.579
 39     1.421 53575.07327123 38.96 302.846055   5.610880 11.579
 39     1.319 53575.07327188 36.10 302.845325   5.614190 11.579
 39     1.254 53575.07327252 34.74 302.844595   5.617500 11.579
 39     1.414 53575.07327317 34.86 302.843865   5.620800 11.579
 39     1.410 53575.07327381 38.12 302.843135   5.624110 11.579
 39     1.342 53575.07327446 41.22 302.842405   5.627410 11.579
 39     1.355 53575.07327510 43.07 302.841666   5.630717 22.007
 39     1.385 53575.07327575 38.58 302.840936   5.634027 22.007
 39     1.240 53575.07327639 33.79 302.840206   5.637327 22.007
 39     1.368 53575.07327704 37.61 302.839476   5.640637 22.007
 39     1.401 53575.07327768 40.76 302.838746   5.643937 22.007
 39     1.366 53575.07327832 45.39 302.838016   5.647247 22.007
 39     1.334 53575.07327897 42.98 302.837286   5.650547 22.007
 40     1.371 53610.07322095 25.37 302.848663   5.606668  5.177
 40     1.381 53610.07322159 22.07 302.847933   5.609968  5.177
 40     1.351 53610.07322224 22.59 302.847203   5.613278  5.177
 40     1.268 53610.07322288 20.22 302.846473   5.616578  5.177
 40     1.205 53610.07322353 18.26 302.845743   5.619888  5.177
 40     1.059 53610.07322417 17.85 302.845013   5.623198  5.177
 40     1.112 53610.07322482 17.40 302.844283   5.626498  5.177
 40     0.911 53610.07322546 18.28 302.843547   5.629805 15.416
 40     0.904 53610.07322610 17.93 302.842817   5.633105 15.416
 40     0.945 53610.07322675 18.59 302.842087   5.636415 15.416
 40     1.150 53610.07322739 17.95 302.841357   5.639715 15.416
 40     1.108 53610.07322804 19.70 302.840627   5.643025 15.416
 40     1.051 53610.07322868 20.90 302.839897   5.646335 15.416
 40     0.991 53610.07322933 24.06 302.839167   5.649635 15.416
 40     1.475 53610.07322997 24.82 302.838437   5.652945 15.416
 41     0.286 53645.07322447 18.67 302.848867   5.608351  4.862
 41     0.376 53645.07322511 20.68 302.848137   5.611661  4.862
 41     0.305 53645.07322576 17.22 302.847407   5.614971  4.862
 41     0.350 53645.07322640 14.93 302.846677   5.618271  4.862
 41     0.202 53645.07322704 13.66 302.845937   5.621581  4.862
 41     0.237 53645.07322769 13.36 302.845207   5.624881  4.862
 41     0.189 53645.07322833 13.93 302.844479   5.628187 16.214
 41     0.581 53645.07322898 13.97 302.843749   5.631487 16.214
 41     0.069 53645.07322962 15.37 302.843019   5.634797 16.214
 41    -0.059 53645.07323027 17.22 302.842289   5.638107 16.214
 41    -0.273 53645.07323091 19.14 302.841549   5.641407 16.214
 41    -1.028 53645.07323156 20.00 302.840819   5.644717 16.214
 41    -0.871 53645.07323220 24.32 302.840089   5.648017 16.214
 41    -0.342 53645.07323285 24.33 302.839359   5.651327 16.214
 41    -0.262 53645.07323349 25.27 302.838629   5.654627 16.214
 42     1.760 53680.07324047 51.40 302.845527   5.602495 12.894
 42     1.761 53680.07324112 35.47 302.844797   5.605805 12.894
 42     1.211 53680.07324176 22.07 302.844067   5.609105 12.894
 42     1.563 53680.07324240 22.38 302.843337   5.612415 12.894
 42     1.357 53680.07324305 21.33 302.842607   5.615725 12.894
 42     1.078 53680.07324369 20.94 302.841877   5.619025 12.894
 42     0.857 53680.07324434 22.58 302.841147   5.622335 12.894
 42     0.255 53680.07324498 24.66 302.840417   5.625635 12.894
 42     0.366 53680.07324563 23.90 302.839686   5.628942 14.034
 42     0.244 53680.07324627 22.81 302.838946   5.632242 14.034
 42     0.047 53680.07324692 22.75 302.838216   5.635552 14.034
 42    -0.495 53680.07324756 24.79 302.837486   5.638852 14.034
 43    -0.069 53715.07317195 14.11 302.850438   5.621500  3.273
 43    -0.040 53715.07317259 13.36 302.849708   5.624800  3.273
 43    -0.058 53715.07317324 13.71 302.848978   5.628110  3.273
 43    -0.167 53715.07317388 13.79 302.848240   5.631417 10.948
 43    -0.200 53715.07317453 14.18 302.847510   5.634727 10.948
 43    -0.321 53715.07317517 15.20 302.846780   5.638027 10.948
 43    -0.515 53715.07317582 16.59 302.846050   5.641327 10.948
 43    -0.752 53715.07317646 18.77 302.845320   5.644637 10.948
 43    -0.751 53715.07317711 19.09 302.844590   5.647947 10.948
 43    -0.669 53715.07317775 19.81 302.843860   5.651247 10.948
 43    -0.384 53715.07317840 18.82 302.843130   5.654557 10.948
 43    -0.248 53715.07317904 20.93 302.842400   5.657857 10.948
 44     2.337 53750.07308815 13.86 302.851402   5.621231  8.316
 44     2.360 53750.07308879 13.62 302.850672   5.624541  8.316
 44     2.108 53750.07308944 13.42 302.849943   5.627846 13.272
 44     1.532 53750.07309008 13.27 302.849213   5.631156 13.272
 44     0.501 53750.07309073 13.35 302.848483   5.634456 13.272
 44     0.367 53750.07309137 12.43 302.847743   5.637766 13.272
 44     0.225 53750.07309202 13.04 302.847013   5.641066 13.272
 44     0.415 53750.07309266 12.52 302.846283   5.644376 13.272
 44     0.225 53750.07309331 13.75 302.845553   5.647676 13.272
 44     0.100 53750.07309395 15.65 302.844823   5.650986 13.272
 44     0.348 53750.07309460 14.91 302.844093   5.654286 13.272
 44     0.128 53750.07309524 16.81 302.843353   5.657596 13.272
 45     1.710 53785.07311810 40.08 302.851365   5.618717 12.669
 45     1.644 53785.07311875 36.85 302.850635   5.622017 12.669
 45     1.692 53785.07311939 28.08 302.849905   5.625327 12.669
 45     1.570 53785.07312004 25.38 302.849165   5.628633 16.011
 45     1.439 53785.07312068 25.27 302.848435   5.631943 16.011
 45     1.310 53785.07312133 24.87 302.847705   5.635243 16.011
 45     1.167 53785.07312197 23.54 302.846975   5.638553 16.011
 45     0.975 53785.07312262 22.36 302.846245   5.641853 16.011
 45     0.605 53785.07312326 23.55 302.845515   5.645163 16.011
 45     0.554 53785.07312390 22.98 302.844785   5.648463 16.011
 45     0.972 53785.07312455 22.02 302.844055   5.651773 16.011
 45     1.411 53785.07312519 21.67 302.843325   5.655073 16.011
 45     1.532 53785.07312584 22.90 302.842585   5.658383 16.011
 46     2.474 53820.07307787 15.78 302.850674   5.621542  8.106
 46     2.382 53820.07307852 15.25 302.849944   5.624852  8.106
 46     2.172 53820.07307916 15.28 302.849214   5.628152  8.106
 46     1.704 53820.07307981 14.90 302.848484   5.631462  8.106
 46     1.278 53820.07308045 15.11 302.847754   5.634772  8.106
 46     0.098 53820.07308109 16.08 302.847024   5.638072  8.106
 46    -0.211 53820.07308174 17.92 302.846294   5.641372  8.106
 46    -0.519 53820.07308238 19.13 302.845564   5.644682  8.106
 46    -1.520 53820.07308303 21.32 302.844829   5.647989 12.292
 46    -0.843 53820.07308367 21.19 302.844099   5.651299 12.292
 46    -0.796 53820.07308432 22.51 302.843369   5.654599 12.292
 46    -0.614 53820.07308496 23.49 302.842639   5.657899 12.292
 47     1.285 53855.07315798 46.64 302.846273   5.602265 13.480
 47     1.343 53855.07315863 39.18 302.845533   5.605565 13.480
 47     1.086 53855.07315927 26.69 302.844803   5.608875 13.480
 47     0.818 53855.07315992 24.05 302.844073   5.612175 13.480
 47     0.650 53855.07316056 24.22 302.843343   5.615485 13.480
 47     0.414 53855.07316121 23.82 302.842613   5.618785 13.480
 47     0.343 53855.07316185 23.52 302.841883   5.622095 13.480
 47    -0.041 53855.07316250 25.14 302.841153   5.625395 13.480
 47    -0.135 53855.07316314 25.42 302.840423   5.628705 13.480
 47    -0.289 53855.07316379 24.77 302.839683   5.632015 13.480
 47    -0.435 53855.07316443 24.67 302.838953   5.635315 13.480
 47    -0.766 53855.07316508 23.76 302.838226   5.638621 14.244
 47    -1.280 53855.07316572 24.22 302.837496   5.641931 14.244
 48     2.372 53890.07317216 19.46 302.851974   5.625987  9.133
 48     1.980 53890.07317281 18.25 302.851244   5.629287  9.133
 48     1.344 53890.07317345 18.38 302.850514   5.632597  9.133
 48     1.296 53890.07317410 18.36 302.849784   5.635897  9.133
 48     1.002 53890.07317474 19.96 302.849054   5.639207  9.133
 48     0.598 53890.07317539 22.36 302.848324   5.642507  9.133
 48     0.021 53890.07317603 24.38 302.847594   5.645817  9.133
 48     0.221 53890.07317668 24.22 302.846864   5.649117  9.133
 48     0.653 53890.07317732 25.76 302.846124   5.652427  9.133
 48     1.057 53890.07317797 28.11 302.845394   5.655727  9.133
 48     1.184 53890.07317861 22.56 302.844664   5.659037  9.133
 49     1.032 53925.07323145 17.04 302.842569   5.592292  4.959
 49     0.626 53925.07323209 16.80 302.841839   5.595602  4.959
 49     0.393 53925.07323274 16.56 302.841109   5.598902  4.959
 49     0.364 53925.07323338 15.37 302.840369   5.602212  4.959
 49     0.462 53925.07323403 14.73 302.839639   5.605512  4.959
 49     0.585 53925.07323467 14.31 302.838909   5.608822  4.959
 49     0.394 53925.07323531 14.70 302.838179   5.612122  4.959
 49     0.749 53925.07323596 14.36 302.837449   5.615432  4.959
 49     1.356 53925.07323660 14.44 302.836719   5.618732  4.959
 49     1.656 53925.07323725 14.65 302.835989   5.622042  4.959
 49     2.084 53925.07323789 14.04 302.835259   5.625352  4.959
 50     1.726 53960.07322117 19.68 302.845055   5.597826  4.271
 50     1.692 53960.07322182 17.89 302.844325   5.601136  4.271
 50     1.580 53960.07322246 18.36 302.843595   5.604436  4.271
 50     1.607 53960.07322311 18.56 302.842865   5.607746  4.271
 50     1.332 53960.07322375 17.84 302.842135   5.611046  4.271
 50     1.278 53960.07322440 18.24 302.841395   5.614356  4.271
 50     1.332 53960.07322504 17.09 302.840665   5.617656  4.271
 50     1.310 53960.07322569 17.00 302.839935   5.620966  4.271
 50     1.514 53960.07322633 16.29 302.839205   5.624266  4.271
 50     1.665 53960.07322698 15.83 302.838475   5.627576  4.271
 50     2.079 53960.07322762 15.52 302.837745   5.630886  4.271
 50     2.128 53960.07322827 15.80 302.837015   5.634186  4.271
 51     1.894 53995.07315967 17.10 302.849463   5.616900  6.286
 51     1.862 53995.07316031 16.83 302.848733   5.620210  6.286
 51     1.393 53995.07316096 16.45 302.847993   5.623510  6.286
 51     0.614 53995.07316160 16.89 302.847263   5.626820  6.286
 51     0.438 53995.07316225 17.03 302.846533   5.630120  6.286
 51     0.228 53995.07316289 19.12 302.845803   5.633430  6.286
 51     0.143 53995.07316354 20.00 302.845070   5.636734 16.455
 51    -0.301 53995.07316418 21.17 302.844340   5.640044 16.455
 51    -0.686 53995.07316483 22.08 302.843610   5.643344 16.455
 51    -0.820 53995.07316547 24.21 302.842880   5.646654 16.455
 51    -0.280 53995.07316612 26.34 302.842140   5.649954 16.455
 51    -0.095 53995.07316676 28.48 302.841410   5.653264 16.455
 51     0.132 53995.07316741 30.06 302.840680   5.656564 16.455
 52     0.545 54030.07321620 14.40 302.849672   5.615422  4.226
 52     1.116 54030.07321685 12.06 302.848942   5.618732  4.226
 52     0.355 54030.07321749 12.34 302.848212   5.622032  4.226
 52     0.263 54030.07321814 12.90 302.847482   5.625342  4.226
 52     0.278 54030.07321878 13.53 302.846752   5.628642  4.226
 52     0.261 54030.07321943 13.01 302.846012   5.631952  4.226
 52     0.183 54030.07322007 13.16 302.845282   5.635262  4.226
 52     0.026 54030.07322072 14.63 302.844552   5.638562  4.226
 52    -0.064 54030.07322136 17.04 302.843824   5.641869 15.627
 52     0.123 54030.07322200 15.64 302.843094   5.645179 15.627
 52    -0.241 54030.07322265 18.82 302.842364   5.648479 15.627
 52    -0.334 54030.07322329 23.49 302.841624   5.651789 15.627
 52    -0.212 54030.07322394 22.51 302.840894   5.655089 15.627
 53     1.867 54065.07321049 46.22 302.850309   5.620572 13.032
 53     1.851 54065.07321113 39.81 302.849579   5.623872 13.032
 53     1.592 54065.07321178 32.47 302.848849   5.627182 13.032
 53     1.648 54065.07321242 33.47 302.848119   5.630492 13.032
 53     1.382 54065.07321307 32.53 302.847389   5.633792 13.032
 53     1.331 54065.07321371 30.87 302.846659   5.637102 13.032
 53     1.221 54065.07321436 29.60 302.845919   5.640402 13.032
 53     1.070 54065.07321500 29.28 302.845198   5.643709 15.679
 53     0.602 54065.07321565 28.86 302.844458   5.647009 15.679
 53     0.090 54065.07321629 28.35 302.843728   5.650319 15.679
 53     0.255 54065.07321694 28.24 302.842998   5.653619 15.679
 53     1.112 54065.07321758 27.11 302.842268   5.656929 15.679
 55     1.487 54135.07313410 17.29 302.849113   5.608569  6.693
 55     0.732 54135.07313474 22.22 302.848383   5.611869  6.693
 55     0.721 54135.07313538 21.29 302.847653   5.615179  6.693
 55     0.821 54135.07313603 15.90 302.846923   5.618479  6.693
 55     0.774 54135.07313667 13.59 302.846193   5.621789  6.693
 55     0.754 54135.07313732 12.94 302.845463   5.625099  6.693
 55     0.598 54135.07313796 13.09 302.844723   5.628399  6.693
 55     0.340 54135.07313861 16.73 302.843993   5.631709  6.693
 55     0.513 54135.07313925 14.42 302.843263   5.635009  6.693
 55     0.399 54135.07313990 14.99 302.842535   5.638315 15.814
 55     0.338 54135.07314054 17.36 302.841805   5.641625 15.814
 55    -0.653 54135.07314119 24.18 302.841075   5.644925 15.814
 55    -0.230 54135.07314183 27.34 302.840335   5.648235 15.814
 55     0.190 54135.07314248 23.47 302.839605   5.651535 15.814
 55     0.537 54135.07314312 20.68 302.838875   5.654845 15.814
 57     2.117 54205.07313825 15.92 302.848223   5.608740  4.208
 57     1.818 54205.07313890 15.40 302.847493   5.612050  4.208
 57     1.288 54205.07313954 16.12 302.846763   5.615350  4.208
 57     1.151 54205.07314019 15.92 302.846033   5.618660  4.208
 57     0.866 54205.07314083 15.58 302.845303   5.621960  4.208
 57     0.148 54205.07314147 15.60 302.844563   5.625270  4.208
 57     0.312 54205.07314212 15.68 302.843833   5.628570  4.208
 57     0.319 54205.07314276 14.54 302.843103   5.631880  4.208
 57     0.063 54205.07314341 14.82 302.842373   5.635180  4.208
 57    -0.039 54205.07314405 15.57 302.841643   5.638490  4.208
 57     0.164 54205.07314470 17.24 302.840913   5.641790  4.208
 57    -0.201 54205.07314534 18.66 302.840183   5.645100  4.208
 57    -0.647 54205.07314599 20.96 302.839453   5.648400  4.208
 57    -0.235 54205.07314663 26.76 302.838713   5.651710  4.208
 57    -0.208 54205.07314728 27.12 302.837983   5.655010  4.208
 58     2.007 54240.07317304 22.74 302.849583   5.610681  5.504
 58     1.980 54240.07317369 25.06 302.848853   5.613981  5.504
 58     1.892 54240.07317433 21.67 302.848123   5.617291  5.504
 58     1.745 54240.07317498 20.38 302.847393   5.620591  5.504
 58     1.703 54240.07317562 20.46 302.846663   5.623901  5.504
 58     1.619 54240.07317627 19.64 302.845923   5.627201  5.504
 58     1.527 54240.07317691 18.72 302.845193   5.630511  5.504
 58     1.379 54240.07317756 19.44 302.844463   5.633811  5.504
 58     1.364 54240.07317820 19.92 302.843733   5.637121  5.504
 58     1.479 54240.07317885 19.38 302.843003   5.640421  5.504
 58     1.415 54240.07317949 21.14 302.842273   5.643731  5.504
 58     1.368 54240.07318013 21.60 302.841543   5.647041  5.504
 58     1.061 54240.07318078 24.40 302.840813   5.650341  5.504
 58     1.449 54240.07318142 22.88 302.840083   5.653651  5.504
 58     1.799 54240.07318207 22.02 302.839343   5.656951  5.504
 59     0.924 54275.07318959 28.93 302.849345   5.611274  5.138
 59     0.889 54275.07319024 29.35 302.848615   5.614574  5.138
 59     0.829 54275.07319088 29.40 302.847885   5.617884  5.138
 59     0.812 54275.07319153 29.84 302.847155   5.621184  5.138
 59     0.873 54275.07319217 29.87 302.846415   5.624494  5.138
 59     0.891 54275.07319282 29.62 302.845685   5.627794  5.138
 59     0.856 54275.07319346 29.58 302.844955   5.631104  5.138
 59     0.807 54275.07319411 29.32 302.844225   5.634404  5.138
 59     0.810 54275.07319475 29.47 302.843495   5.637714  5.138
 59     0.821 54275.07319540 29.46 302.842765   5.641014  5.138
 59     0.715 54275.07319604 31.14 302.842035   5.644324  5.138
 59     0.800 54275.07319668 30.51 302.841305   5.647624  5.138
 59     0.787 54275.07319733 31.32 302.840575   5.650934  5.138
 59     0.891 54275.07319797 32.35 302.839845   5.654234  5.138
 61     2.142 54345.07316750 20.33 302.849372   5.617146  8.245
 61     2.050 54345.07316814 17.86 302.848642   5.620446  8.245
 61     1.967 54345.07316879 16.58 302.847912   5.623756  8.245
 61     1.870 54345.07316943 16.07 302.847182   5.627056  8.245
 61     1.694 54345.07317008 15.95 302.846452   5.630366  8.245
 61     1.428 54345.07317072 16.66 302.845722   5.633666  8.245
 61     1.309 54345.07317137 18.55 302.844982   5.636976  8.245
 61     0.059 54345.07317201 22.21 302.844252   5.640276  8.245
 61    -0.116 54345.07317266 23.11 302.843522   5.643586  8.245
 61     0.945 54345.07317330 21.89 302.842792   5.646886  8.245
 61     1.402 54345.07317395 18.87 302.842062   5.650196  8.245
 61     1.687 54345.07317459 17.86 302.841332   5.653496  8.245
 61     1.863 54345.07317524 20.73 302.840602   5.656806  8.245
 62     1.930 54380.07312651 17.19 302.849274   5.609792  8.644
 62     0.447 54380.07312715 19.77 302.848534   5.613102  8.644
 62     1.554 54380.07312780 14.94 302.847804   5.616402  8.644
 62     1.404 54380.07312844 14.75 302.847074   5.619712  8.644
 62     1.078 54380.07312909 14.94 302.846344   5.623012  8.644
 62     1.137 54380.07312973 14.72 302.845614   5.626322  8.644
 62     0.106 54380.07313038 15.27 302.844884   5.629622  8.644
 62     0.223 54380.07313102 15.36 302.844144   5.632932  8.644
 62    -0.021 54380.07313167 16.46 302.843414   5.636232  8.644
 62    -0.039 54380.07313231 17.07 302.842684   5.639542  8.644
 62    -0.190 54380.07313296 18.40 302.841954   5.642842  8.644
 62    -1.269 54380.07313360 22.80 302.841224   5.646152  8.644
 62    -0.586 54380.07313425 24.21 302.840494   5.649452  8.644
 62    -0.350 54380.07313489 24.42 302.839764   5.652762  8.644
 62    -0.298 54380.07313554 25.35 302.839034   5.656072  8.644
 63     0.643 54415.07311443 17.99 302.849430   5.610282 10.258
 63     0.700 54415.07311507 20.56 302.848700   5.613582 10.258
 63     1.422 54415.07311572 13.16 302.847970   5.616892 10.258
 63     1.319 54415.07311636 13.80 302.847240   5.620192 10.258
 63     1.309 54415.07311701 13.28 302.846510   5.623502 10.258
 63     0.567 54415.07311765 13.25 302.845780   5.626802 10.258
 63     0.468 54415.07311830 13.41 302.845050   5.630112 10.258
 63     0.366 54415.07311894 13.18 302.844320   5.633412 10.258
 63     0.443 54415.07311958 12.90 302.843580   5.636722 10.258
 63     0.502 54415.07312023 13.08 302.842850   5.640022 10.258
 63     0.408 54415.07312087 14.60 302.842120   5.643332 10.258
 63     0.193 54415.07312152 17.43 302.841390   5.646632 10.258
 63     0.273 54415.07312216 16.96 302.840660   5.649942 10.258
 63    -0.006 54415.07312281 19.11 302.839930   5.653242 10.258
 63     0.351 54415.07312345 19.63 302.839200   5.656552 10.258
 65     2.293 54485.07311091 17.62 302.849488   5.617358  5.622
 65     2.185 54485.07311156 16.51 302.848758   5.620668  5.622
 65     1.933 54485.07311220 15.87 302.848028   5.623968  5.622
 65     1.601 54485.07311284 16.73 302.847298   5.627278  5.622
 65     1.395 54485.07311349 16.08 302.846568   5.630578  5.622
 65     0.484 54485.07311413 16.42 302.845838   5.633888  5.622
 65     0.495 54485.07311478 17.28 302.845108   5.637198  5.622
 65    -0.202 54485.07311542 18.90 302.844368   5.640498  5.622
 65    -1.792 54485.07311607 22.15 302.843645   5.643804 18.983
 65    -1.104 54485.07311671 22.94 302.842905   5.647104 18.983
 65    -0.826 54485.07311736 25.57 302.842175   5.650414 18.983
 65    -0.799 54485.07311800 27.50 302.841445   5.653724 18.983
 65    -0.625 54485.07311865 31.49 302.840715   5.657024 18.983
 66     2.349 54520.07310853 19.72 302.849017   5.615410  9.148
 66     2.189 54520.07310918 16.43 302.848292   5.618716 11.201
 66     2.055 54520.07310982 16.04 302.847562   5.622026 11.201
 66     1.843 54520.07311047 15.83 302.846822   5.625326 11.201
 66     1.598 54520.07311111 15.39 302.846092   5.628626 11.201
 66     1.206 54520.07311176 15.73 302.845362   5.631936 11.201
 66     1.078 54520.07311240 15.09 302.844632   5.635246 11.201
 66     1.070 54520.07311305 16.03 302.843902   5.638546 11.201
 66     1.236 54520.07311369 16.05 302.843172   5.641856 11.201
 66     1.313 54520.07311434 16.49 302.842442   5.645156 11.201
 66     1.263 54520.07311498 16.64 302.841702   5.648466 11.201
 66     1.337 54520.07311563 17.34 302.840972   5.651766 11.201
 66     1.178 54520.07311627 18.81 302.840242   5.655076 11.201
 67     1.322 54555.07312076 19.70 302.849575   5.609793  4.786
 67     1.321 54555.07312140 23.61 302.848845   5.613093  4.786
 67     1.331 54555.07312205 19.37 302.848115   5.616393  4.786
 67     1.158 54555.07312269 20.80 302.847385   5.619703  4.786
 67     1.113 54555.07312334 18.60 302.846647   5.623009 15.506
 67     1.086 54555.07312398 19.07 302.845917   5.626319 15.506
 67     0.932 54555.07312463 18.01 302.845187   5.629619 15.506
 67     0.760 54555.07312527 19.08 302.844457   5.632929 15.506
 67     0.662 54555.07312592 19.48 302.843727   5.636229 15.506
 67     0.330 54555.07312656 20.92 302.842997   5.639539 15.506
 67     0.443 54555.07312721 20.38 302.842267   5.642839 15.506
 67     0.322 54555.07312785 22.69 302.841537   5.646149 15.506
 67     0.659 54555.07312849 24.70 302.840807   5.649449 15.506
 67     0.905 54555.07312914 25.95 302.840077   5.652759 15.506
 67     1.019 54555.07312978 25.97 302.839347   5.656059 15.506
 68     0.294 54590.07310417 30.66 302.848501   5.610828  5.612
 68     0.273 54590.07310482 29.61 302.847761   5.614138  5.612
 68     0.239 54590.07310546 28.19 302.847036   5.617445 10.437
 68     0.264 54590.07310610 27.95 302.846306   5.620745 10.437
 68     0.089 54590.07310675 28.08 302.845576   5.624055 10.437
 68     0.060 54590.07310739 26.67 302.844836   5.627355 10.437
 68     0.068 54590.07310804 26.34 302.844106   5.630665 10.437
 68     0.040 54590.07310868 25.78 302.843376   5.633975 10.437
 68     0.123 54590.07310933 25.22 302.842646   5.637275 10.437
 68     0.175 54590.07310997 24.53 302.841916   5.640585 10.437
 68     0.236 54590.07311062 24.32 302.841186   5.643885 10.437
 68     0.274 54590.07311126 24.09 302.840456   5.647195 10.437
 68     0.286 54590.07311191 24.28 302.839726   5.650495 10.437
 68     0.354 54590.07311255 24.54 302.838986   5.653805 10.437
 69     2.034 54625.07312041 41.39 302.849384   5.609019  8.321
 69     2.013 54625.07312106 45.48 302.848654   5.612329  8.321
 69     2.077 54625.07312170 46.46 302.847924   5.615629  8.321
 69     2.095 54625.07312235 45.67 302.847193   5.618936 19.847
 69     2.027 54625.07312299 43.61 302.846453   5.622246 19.847
 69     2.028 54625.07312364 41.66 302.845723   5.625546 19.847
 69     1.968 54625.07312428 39.98 302.844993   5.628856 19.847
 69     2.006 54625.07312493 39.85 302.844263   5.632156 19.847
 69     2.009 54625.07312557 35.69 302.843533   5.635466 19.847
 69     1.833 54625.07312622 32.00 302.842803   5.638766 19.847
 69     1.563 54625.07312686 29.68 302.842073   5.642076 19.847
 69     1.163 54625.07312750 28.97 302.841343   5.645376 19.847
 69     1.469 54625.07312815 28.30 302.840613   5.648686 19.847
 69     1.755 54625.07312879 30.25 302.839883   5.651986 19.847
 69     2.153 54625.07312944 30.69 302.839143   5.655296 19.847
 70     0.519 54660.07312812 40.83 302.847987   5.606495  7.155
 70     0.610 54660.07312876 41.68 302.847257   5.609805  7.155
 70     0.617 54660.07312941 42.15 302.846527   5.613115  7.155
 70     0.581 54660.07313005 41.58 302.845787   5.616415  7.155
 70     0.537 54660.07313070 42.36 302.845064   5.619721 13.441
 70     0.546 54660.07313134 40.89 302.844324   5.623021 13.441
 70     0.467 54660.07313199 41.18 302.843594   5.626331 13.441
 70     0.486 54660.07313263 40.66 302.842864   5.629631 13.441
 70     0.510 54660.07313327 40.84 302.842134   5.632941 13.441
 70     0.490 54660.07313392 40.12 302.841404   5.636251 13.441
 70     0.537 54660.07313456 39.95 302.840674   5.639551 13.441
 70     0.522 54660.07313521 40.68 302.839944   5.642861 13.441
 70     0.556 54660.07313585 41.16 302.839214   5.646161 13.441
 70     0.569 54660.07313650 41.86 302.838484   5.649471 13.441
 70     0.647 54660.07313714 45.70 302.837754   5.652771 13.441
 71     0.838 54695.07310910 50.36 302.848720   5.617060 12.799
 71     0.870 54695.07310975 50.07 302.847990   5.620370 12.799
 71     0.906 54695.07311039 49.23 302.847251   5.623676 38.467
 71     0.869 54695.07311104 47.83 302.846521   5.626986 38.467
 71     0.792 54695.07311168 49.49 302.845791   5.630286 38.467
 71     0.917 54695.07311232 48.16 302.845061   5.633596 38.467
 71     0.865 54695.07311297 48.76 302.844331   5.636896 38.467
 71     0.829 54695.07311361 50.22 302.843601   5.640206 38.467
 71     0.809 54695.07311426 50.43 302.842871   5.643506 38.467
 71     0.798 54695.07311490 50.66 302.842141   5.646816 38.467
 71     0.791 54695.07311555 51.51 302.841411   5.650116 38.467
 71     0.797 54695.07311619 52.12 302.840671   5.653426 38.467
 71     0.787 54695.07311684 50.78 302.839941   5.656726 38.467
 72     2.573 54730.07308382 19.08 302.849459   5.609029  8.167
 72     2.173 54730.07308446 20.88 302.848729   5.612329  8.167
 72     1.983 54730.07308511 19.60 302.847989   5.615639  8.167
 72     1.827 54730.07308575 17.87 302.847263   5.618946  6.703
 72     1.741 54730.07308640 16.17 302.846533   5.622246  6.703
 72     1.604 54730.07308704 15.88 302.845803   5.625556  6.703
 72     1.579 54730.07308768 15.35 302.845063   5.628856  6.703
 72     1.543 54730.07308833 15.41 302.844333   5.632166  6.703
 72     1.402 54730.07308897 15.82 302.843603   5.635476  6.703
 72     1.428 54730.07308962 15.98 302.842873   5.638776  6.703
 72     1.513 54730.07309026 15.56 302.842143   5.642086  6.703
 72     1.522 54730.07309091 15.68 302.841413   5.645386  6.703
 72     1.531 54730.07309155 16.39 302.840683   5.648696  6.703
 72     1.712 54730.07309220 16.49 302.839953   5.651996  6.703
 72     1.804 54730.07309284 17.39 302.839213   5.655306  6.703
 73     1.930 54765.07308557 18.16 302.849420   5.609618  5.262
 73     0.430 54765.07308622 20.16 302.848690   5.612928  5.262
 73     1.575 54765.07308686 16.54 302.847960   5.616228  5.262
 73     1.423 54765.07308750 15.92 302.847220   5.619538  5.262
 73     1.118 54765.07308815 15.25 302.846498   5.622844 16.473
 73     0.304 54765.07308879 14.95 302.845758   5.626154 16.473
 73     0.152 54765.07308944 15.10 302.845028   5.629454 16.473
 73     0.171 54765.07309008 15.34 302.844298   5.632764 16.473
 73     0.074 54765.07309073 15.61 302.843568   5.636064 16.473
 73    -0.050 54765.07309137 17.32 302.842838   5.639374 16.473
 73    -0.277 54765.07309202 19.18 302.842108   5.642674 16.473
 73    -0.889 54765.07309266 20.09 302.841378   5.645984 16.473
 73    -0.671 54765.07309331 23.31 302.840648   5.649284 16.473
 73    -0.264 54765.07309395 25.43 302.839918   5.652594 16.473
 73    -0.529 54765.07309460 26.93 302.839178   5.655894 16.473
 74     0.850 54800.07307676 18.11 302.848302   5.608886  5.493
 74     0.758 54800.07307741 20.33 302.847562   5.612186  5.493
 74     0.772 54800.07307805 15.98 302.846832   5.615496  5.493
 74     0.621 54800.07307870 14.67 302.846105   5.618800 12.626
 74     0.687 54800.07307934 12.82 302.845375   5.622110 12.626
 74     0.721 54800.07307999 11.26 302.844645   5.625410 12.626
 74     0.729 54800.07308063 11.59 302.843905   5.628720 12.626
 74     0.654 54800.07308127 11.25 302.843175   5.632020 12.626
 74     0.644 54800.07308192 11.97 302.842445   5.635330 12.626
 74     0.675 54800.07308256 12.73 302.841715   5.638630 12.626
 74     0.673 54800.07308321 13.00 302.840985   5.641940 12.626
 74     0.596 54800.07308385 14.54 302.840255   5.645240 12.626
 74     0.621 54800.07308450 14.48 302.839525   5.648550 12.626
 74     0.667 54800.07308514 17.15 302.838785   5.651850 12.626
 74     0.783 54800.07308579 19.42 302.838055   5.655160 12.626
 75     1.756 54835.07307693 46.57 302.849410   5.608553 13.839
 75     1.789 54835.07307758 53.59 302.848680   5.611853 13.839
 75     1.843 54835.07307822 50.86 302.847950   5.615163 13.839
 75     1.808 54835.07307887 50.81 302.847220   5.618463 13.839
 75     1.812 54835.07307951 50.66 302.846479   5.621770 32.442
 75     1.824 54835.07308016 50.07 302.845749   5.625070 32.442
 75     1.841 54835.07308080 50.10 302.845019   5.628380 32.442
 75     1.858 54835.07308145 50.02 302.844289   5.631690 32.442
 75     1.867 54835.07308209 49.56 302.843559   5.634990 32.442
 75     1.857 54835.07308274 48.90 302.842829   5.638300 32.442
 75     1.849 54835.07308338 46.24 302.842099   5.641600 32.442
 75     1.861 54835.07308402 41.05 302.841369   5.644910 32.442
 75     1.835 54835.07308467 46.15 302.840639   5.648210 32.442
 75     1.874 54835.07308531 48.88 302.839899   5.651520 32.442
 75     1.880 54835.07308596 48.97 302.839169   5.654820 32.442
 76     2.572 54870.07307461 16.72 302.849323   5.609667  6.301
 76     1.787 54870.07307525 20.02 302.848593   5.612967  6.301
 76     1.925 54870.07307590 16.55 302.847865   5.616274  6.644
 76     1.758 54870.07307654 14.84 302.847135   5.619584  6.644
 76     1.573 54870.07307719 14.92 302.846405   5.622884  6.644
 76     1.369 54870.07307783 15.88 302.845665   5.626194  6.644
 76     1.148 54870.07307848 15.24 302.844935   5.629494  6.644
 76     0.804 54870.07307912 15.76 302.844205   5.632804  6.644
 76     1.051 54870.07307977 14.92 302.843475   5.636104  6.644
 76     1.175 54870.07308041 14.78 302.842745   5.639414  6.644
 76     1.250 54870.07308106 14.74 302.842015   5.642714  6.644
 76     1.232 54870.07308170 14.86 302.841285   5.646024  6.644
 76     1.393 54870.07308235 15.03 302.840545   5.649324  6.644
 76     0.866 54870.07308299 17.18 302.839815   5.652634  6.644
 76     1.080 54870.07308364 17.12 302.839085   5.655934  6.644
 77     2.703 54905.07308489 17.84 302.848622   5.606578  8.559
 77     2.355 54905.07308553 18.22 302.847892   5.609878  8.559
 77     2.047 54905.07308618 19.16 302.847162   5.613188  8.559
 77     1.711 54905.07308682 17.73 302.846432   5.616498  8.559
 77     1.582 54905.07308747 16.89 302.845702   5.619798  8.559
 77     1.458 54905.07308811 15.87 302.844965   5.623103 10.145
 77     1.340 54905.07308876 15.46 302.844235   5.626403 10.145
 77     1.365 54905.07308940 16.21 302.843505   5.629713 10.145
 77     1.464 54905.07309005 15.64 302.842775   5.633023 10.145
 77     1.558 54905.07309069 15.98 302.842045   5.636323 10.145
 77     1.586 54905.07309134 15.93 302.841315   5.639633 10.145
 77     1.668 54905.07309198 16.17 302.840585   5.642933 10.145
 77     1.604 54905.07309263 17.28 302.839855   5.646243 10.145
 77     1.700 54905.07309327 17.44 302.839125   5.649543 10.145
 77     1.636 54905.07309392 20.45 302.838395   5.652853 10.145
 78     1.613 54940.07306645 22.68 302.848501   5.610572  7.838
 78     0.906 54940.07306710 23.61 302.847771   5.613882  7.838
 78     1.120 54940.07306774 21.81 302.847041   5.617182  7.838
 78     1.051 54940.07306839 21.10 302.846311   5.620492  7.838
 78     0.844 54940.07306903 21.45 302.845571   5.623792  7.838
 78     0.680 54940.07306968 20.68 302.844841   5.627102  7.838
 78     0.570 54940.07307032 20.72 302.844115   5.630407 12.648
 78     0.537 54940.07307096 20.02 302.843385   5.633717 12.648
 78     0.266 54940.07307161 21.23 302.842655   5.637017 12.648
 78     0.126 54940.07307225 21.60 302.841915   5.640327 12.648
 78     0.250 54940.07307290 21.94 302.841185   5.643627 12.648
 78     0.612 54940.07307354 22.16 302.840455   5.646937 12.648
 78     0.679 54940.07307419 22.78 302.839725   5.650237 12.648
 78     0.769 54940.07307483 23.05 302.838995   5.653547 12.648
 79     0.513 54975.07309666 18.97 302.848226   5.610025  6.037
 79     0.521 54975.07309730 19.31 302.847486   5.613325  6.037
 79     1.135 54975.07309795 13.91 302.846762   5.616632 12.154
 79     0.951 54975.07309859 12.67 302.846032   5.619942 12.154
 79     0.403 54975.07309924 13.61 302.845292   5.623242 12.154
 79     0.305 54975.07309988 12.45 302.844562   5.626542 12.154
 79     0.379 54975.07310053 12.98 302.843832   5.629852 12.154
 79     0.447 54975.07310117 12.89 302.843102   5.633162 12.154
 79     0.534 54975.07310182 13.57 302.842372   5.636462 12.154
 79     0.902 54975.07310246 14.73 302.841642   5.639772 12.154
 79     0.166 54975.07310311 17.64 302.840912   5.643072 12.154
 79    -0.942 54975.07310375 21.13 302.840182   5.646382 12.154
 79    -0.003 54975.07310440 19.94 302.839452   5.649682 12.154
 79     0.119 54975.07310504 20.24 302.838712   5.652992 12.154
 79     0.245 54975.07310568 21.89 302.837982   5.656292 12.154
 80     2.194 55010.07310798 45.39 302.848782   5.608677 11.860
 80     2.282 55010.07310862 46.82 302.848052   5.611987 11.860
 80     2.267 55010.07310926 45.61 302.847322   5.615297 11.860
 80     2.168 55010.07310991 43.66 302.846592   5.618597 11.860
 80     2.123 55010.07311055 43.05 302.845861   5.621904 15.110
 80     2.012 55010.07311120 40.53 302.845121   5.625204 15.110
 80     1.952 55010.07311184 39.27 302.844391   5.628514 15.110
 80     1.957 55010.07311249 38.90 302.843661   5.631824 15.110
 80     1.824 55010.07311313 36.25 302.842931   5.635124 15.110
 80     1.707 55010.07311378 34.76 302.842201   5.638434 15.110
 80     1.398 55010.07311442 33.14 302.841471   5.641734 15.110
 80     1.088 55010.07311507 31.71 302.840741   5.645044 15.110
 80     1.480 55010.07311571 31.08 302.840011   5.648344 15.110
 80     2.004 55010.07311636 30.87 302.839281   5.651654 15.110
 80     2.156 55010.07311700 33.52 302.838551   5.654954 15.110
 81     2.699 55045.07309898 17.27 302.849418   5.610715  5.129
 81     2.137 55045.07309962 17.92 302.848688   5.614025  5.129
 81     2.065 55045.07310027 15.60 302.847948   5.617325  5.129
 81     1.886 55045.07310091 14.94 302.847225   5.620630 13.657
 81     1.772 55045.07310156 14.91 302.846485   5.623940 13.657
 81     1.380 55045.07310220 15.41 302.845755   5.627240 13.657
 81     0.785 55045.07310285 15.43 302.845025   5.630550 13.657
 81     0.609 55045.07310349 15.56 302.844295   5.633850 13.657
 81     0.481 55045.07310413 14.64 302.843565   5.637160 13.657
 81     0.810 55045.07310478 15.90 302.842835   5.640460 13.657
 81     0.650 55045.07310542 15.89 302.842105   5.643770 13.657
 81    -0.552 55045.07310607 23.27 302.841375   5.647070 13.657
 81    -0.295 55045.07310671 25.86 302.840645   5.650380 13.657
 81     0.259 55045.07310736 20.11 302.839915   5.653680 13.657
 81     0.187 55045.07310800 21.01 302.839175   5.656990 13.657
 82     1.819 55080.07307437 19.36 302.849899   5.610229  4.827
 82     0.686 55080.07307501 23.45 302.849169   5.613529  4.827
 82     1.567 55080.07307566 18.15 302.848439   5.616839  4.827
 82     1.500 55080.07307630 16.69 302.847709   5.620139  4.827
 82     1.508 55080.07307695 16.48 302.846971   5.623447 17.542
 82     0.784 55080.07307759 15.58 302.846241   5.626747 17.542
 82     0.631 55080.07307824 16.00 302.845511   5.630057 17.542
 82     0.559 55080.07307888 15.39 302.844781   5.633357 17.542
 82     0.505 55080.07307953 15.03 302.844051   5.636667 17.542
 82     0.573 55080.07308017 15.42 302.843321   5.639977 17.542
 82     0.682 55080.07308082 15.12 302.842591   5.643277 17.542
 82     0.668 55080.07308146 15.93 302.841861   5.646587 17.542
 82     0.185 55080.07308211 19.35 302.841131   5.649887 17.542
 82     0.126 55080.07308275 20.73 302.840391   5.653197 17.542
 82     0.056 55080.07308339 22.88 302.839661   5.656497 17.542
 83     2.080 55115.07303113 40.55 302.849329   5.610954 10.590
 83     1.965 55115.07303177 44.57 302.848589   5.614254 10.590
 83     2.018 55115.07303242 41.32 302.847859   5.617564 10.590
 83     2.049 55115.07303306 37.23 302.847134   5.620871 16.538
 83     1.852 55115.07303371 32.07 302.846404   5.624171 16.538
 83     1.636 55115.07303435 33.12 302.845664   5.627481 16.538
 83     1.682 55115.07303500 32.41 302.844934   5.630781 16.538
 83     1.540 55115.07303564 32.17 302.844204   5.634091 16.538
 83     1.312 55115.07303628 32.61 302.843474   5.637401 16.538
 83     1.195 55115.07303693 30.43 302.842744   5.640701 16.538
 83     0.930 55115.07303757 28.82 302.842014   5.644011 16.538
 83     0.713 55115.07303822 28.47 302.841284   5.647311 16.538
 83     1.224 55115.07303886 27.38 302.840554   5.650621 16.538
 83     1.658 55115.07303951 25.52 302.839814   5.653921 16.538
 84    -0.041 55150.07303011 16.65 302.848447   5.609701  4.218
 84     0.133 55150.07303076 16.22 302.847717   5.613011  4.218
 84     0.027 55150.07303140 12.67 302.846987   5.616311  4.218
 84     0.092 55150.07303205 11.59 302.846257   5.619621  4.218
 84    -0.034 55150.07303269 12.13 302.845516   5.622926 13.689
 84     0.026 55150.07303334 11.69 302.844786   5.626226 13.689
 84    -0.135 55150.07303398 12.64 302.844056   5.629536 13.689
 84     0.006 55150.07303462 11.98 302.843326   5.632846 13.689
 84     0.004 55150.07303527 12.08 302.842596   5.636146 13.689
 84    -0.215 55150.07303591 14.66 302.841866   5.639456 13.689
 84    -1.813 55150.07303656 19.90 302.841136   5.642756 13.689
 84    -1.350 55150.07303720 20.91 302.840406   5.646066 13.689
 84    -0.461 55150.07303785 19.10 302.839676   5.649366 13.689
 84    -0.318 55150.07303849 20.72 302.838936   5.652676 13.689
 84    -0.039 55150.07303914 21.97 302.838206   5.655976 13.689
 85     1.329 55185.07301470 17.00 302.848816   5.607777  4.756
 85     1.405 55185.07301534 20.00 302.848086   5.611077  4.756
 85     1.363 55185.07301598 18.23 302.847356   5.614387  4.756
 85     1.179 55185.07301663 14.92 302.846629   5.617693  9.644
 85     1.077 55185.07301727 14.90 302.845899   5.621003  9.644
 85     1.112 55185.07301792 15.22 302.845169   5.624303  9.644
 85     1.033 55185.07301856 13.91 302.844429   5.627613  9.644
 85     1.048 55185.07301921 14.39 302.843699   5.630913  9.644
 85     1.204 55185.07301985 13.22 302.842969   5.634223  9.644
 85     1.122 55185.07302050 12.96 302.842239   5.637523  9.644
 85     1.011 55185.07302114 14.70 302.841509   5.640833  9.644
 85     1.084 55185.07302179 14.86 302.840779   5.644133  9.644
 85     1.079 55185.07302243 14.78 302.840049   5.647443  9.644
 85     1.200 55185.07302308 13.55 302.839309   5.650743  9.644
 85     1.269 55185.07302372 16.08 302.838579   5.654053  9.644
 86     1.166 55220.07302831 16.54 302.848804   5.608857  4.527
 86     1.263 55220.07302895 20.40 302.848074   5.612167  4.527
 86     1.106 55220.07302960 18.19 302.847344   5.615477  4.527
 86     1.038 55220.07303024 16.19 302.846614   5.618777  4.527
 86     1.038 55220.07303089 13.65 302.845874   5.622085 19.065
 86     1.030 55220.07303153 12.90 302.845144   5.625385 19.065
 86     0.897 55220.07303218 15.30 302.844414   5.628695 19.065
 86     0.858 55220.07303282 16.18 302.843684   5.631995 19.065
 86     0.458 55220.07303347 18.55 302.842954   5.635305 19.065
 86     0.408 55220.07303411 18.48 302.842224   5.638615 19.065
 86    -0.236 55220.07303476 21.57 302.841494   5.641915 19.065
 86     0.452 55220.07303540 23.04 302.840764   5.645225 19.065
 86     0.622 55220.07303605 24.88 302.840034   5.648525 19.065
 86     0.986 55220.07303669 25.69 302.839294   5.651835 19.065
 86     1.183 55220.07303733 24.89 302.838564   5.655135 19.065
 87     0.308 55255.07301181 10.79 302.849027   5.615758  3.359
 87     0.226 55255.07301245  9.39 302.848302   5.619062 15.218
 87     0.223 55255.07301310  9.61 302.847572   5.622372 15.218
 87     0.131 55255.07301374 11.15 302.846842   5.625672 15.218
 87     0.144 55255.07301439 10.82 302.846102   5.628982 15.218
 87    -0.043 55255.07301503 13.57 302.845372   5.632282 15.218
 87     0.083 55255.07301568 12.95 302.844642   5.635592 15.218
 87     0.094 55255.07301632 12.03 302.843912   5.638892 15.218
 87    -0.012 55255.07301697 13.54 302.843182   5.642202 15.218
 87    -1.256 55255.07301761 18.65 302.842452   5.645502 15.218
 87    -0.490 55255.07301826 18.88 302.841722   5.648812 15.218
 87    -0.236 55255.07301890 20.23 302.840982   5.652112 15.218
 87    -0.113 55255.07301954 20.32 302.840252   5.655422 15.218
 88     1.831 55290.07301735 31.57 302.849302   5.608272  8.425
 88     2.079 55290.07301800 30.38 302.848572   5.611572  8.425
 88     1.826 55290.07301864 24.44 302.847842   5.614882  8.425
 88     1.751 55290.07301929 22.47 302.847112   5.618192  8.425
 88     1.700 55290.07301993 21.52 302.846382   5.621492  8.425
 88     1.609 55290.07302057 21.26 302.845645   5.624797 14.929
 88     1.486 55290.07302122 20.90 302.844915   5.628107 14.929
 88     1.394 55290.07302186 21.07 302.844185   5.631407 14.929
 88     1.222 55290.07302251 20.27 302.843455   5.634717 14.929
 88     1.019 55290.07302315 19.94 302.842725   5.638017 14.929
 88     0.996 55290.07302380 18.98 302.841995   5.641327 14.929
 88     1.017 55290.07302444 19.05 302.841265   5.644627 14.929
 88     1.087 55290.07302509 19.27 302.840535   5.647937 14.929
 88     1.473 55290.07302573 18.34 302.839805   5.651237 14.929
 88     1.627 55290.07302638 19.27 302.839075   5.654547 14.929
 89     0.278 55325.07299695 36.98 302.848106   5.605571  6.044
 89     0.310 55325.07299759 36.97 302.847376   5.608871  6.044
 89     0.350 55325.07299824 39.31 302.846646   5.612181  6.044
 89     0.350 55325.07299888 39.40 302.845916   5.615481  6.044
 89     0.379 55325.07299953 39.27 302.845184   5.618788 13.380
 89     0.266 55325.07300017 39.82 302.844444   5.622088 13.380
 89     0.311 55325.07300082 39.36 302.843714   5.625398 13.380
 89     0.269 55325.07300146 38.91 302.842984   5.628698 13.380
 89     0.222 55325.07300211 38.61 302.842254   5.632008 13.380
 89     0.292 55325.07300275 37.81 302.841524   5.635318 13.380
 89     0.266 55325.07300339 38.13 302.840794   5.638618 13.380
 89     0.342 55325.07300404 37.10 302.840064   5.641928 13.380
 89     0.359 55325.07300468 37.62 302.839334   5.645228 13.380
 89     0.461 55325.07300533 40.39 302.838594   5.648538 13.380
 89     0.560 55325.07300597 45.87 302.837864   5.651838 13.380
 89     0.624 55325.07300662 48.62 302.837134   5.655148 13.380
 90     1.121 55360.07299514 27.10 302.848480   5.610706  3.848
 90     1.023 55360.07299578 27.04 302.847750   5.614016  3.848
 90     1.130 55360.07299643 26.43 302.847020   5.617316  3.848
 90     1.014 55360.07299707 26.87 302.846279   5.620624  9.579
 90     0.971 55360.07299772 26.84 302.845549   5.623924  9.579
 90     0.901 55360.07299836 26.56 302.844819   5.627234  9.579
 90     0.843 55360.07299900 27.04 302.844089   5.630534  9.579
 90     0.870 55360.07299965 27.40 302.843359   5.633844  9.579
 90     0.852 55360.07300029 26.96 302.842629   5.637154  9.579
 90     0.859 55360.07300094 27.31 302.841899   5.640454  9.579
 90     0.848 55360.07300158 27.37 302.841169   5.643764  9.579
 90     0.796 55360.07300223 27.55 302.840439   5.647064  9.579
 90     0.949 55360.07300287 27.48 302.839699   5.650374  9.579
 90     1.067 55360.07300352 28.13 302.838969   5.653674  9.579
 91     2.486 55395.07299977 21.21 302.848741   5.609625  4.769
 91     2.255 55395.07300042 22.92 302.848011   5.612925  4.769
 91     2.077 55395.07300106 22.35 302.847271   5.616235  4.769
 91     1.957 55395.07300170 24.21 302.846546   5.619540 20.332
 91     2.021 55395.07300235 23.24 302.845816   5.622850 20.332
 91     1.963 55395.07300299 22.76 302.845086   5.626150 20.332
 91     1.880 55395.07300364 23.10 302.844346   5.629460 20.332
 91     1.864 55395.07300428 22.19 302.843616   5.632760 20.332
 91     1.629 55395.07300493 23.75 302.842886   5.636070 20.332
 91     1.210 55395.07300557 27.18 302.842156   5.639370 20.332
 91     1.832 55395.07300622 27.86 302.841426   5.642680 20.332
 91     1.867 55395.07300686 32.22 302.840696   5.645980 20.332
 91     2.334 55395.07300751 33.69 302.839966   5.649290 20.332
 91     2.431 55395.07300815 42.56 302.839236   5.652590 20.332
 91     2.343 55395.07300880 43.09 302.838496   5.655900 20.332
 92     0.683 55430.07301156 53.19 302.849239   5.615236 13.523
 92     0.682 55430.07301221 51.21 302.848499   5.618536 13.523
 92     0.562 55430.07301285 53.44 302.847776   5.621843 52.851
 92     0.636 55430.07301350 52.41 302.847036   5.625143 52.851
 92     0.688 55430.07301414 52.06 302.846306   5.628453 52.851
 92     0.599 55430.07301479 52.11 302.845576   5.631753 52.851
 92     0.634 55430.07301543 52.94 302.844846   5.635063 52.851
 92     0.694 55430.07301607 50.90 302.844116   5.638373 52.851
 92     0.643 55430.07301672 51.86 302.843386   5.641673 52.851
 92     0.591 55430.07301736 51.32 302.842656   5.644983 52.851
 92     0.560 55430.07301801 48.11 302.841926   5.648283 52.851
 92     0.572 55430.07301865 49.05 302.841196   5.651593 52.851
 92     0.540 55430.07301930 53.65 302.840466   5.654893 52.851
 93     2.231 55465.07297397 17.20 302.849710   5.618566  6.771
 93     2.007 55465.07297461 17.71 302.848980   5.621866  6.771
 93     1.886 55465.07297526 15.81 302.848244   5.625174 19.246
 93     1.273 55465.07297590 16.34 302.847514   5.628474 19.246
 93     0.964 55465.07297655 16.11 302.846784   5.631784 19.246
 93     0.928 55465.07297719 15.72 302.846054   5.635084 19.246
 93     0.816 55465.07297784 16.13 302.845324   5.638394 19.246
 93     0.775 55465.07297848 16.10 302.844594   5.641704 19.246
 93     0.728 55465.07297912 17.53 302.843864   5.645004 19.246
 93     0.641 55465.07297977 18.38 302.843134   5.648314 19.246
 93     0.644 55465.07298041 18.43 302.842404   5.651614 19.246
 93     0.764 55465.07298106 18.60 302.841664   5.654924 19.246
 93     0.861 55465.07298170 19.45 302.840934   5.658224 19.246
