-298841.218   302.387     0.00   15.54
-298465.188   296.583   -15.43   16.83
-298089.156   288.983   -20.21   12.14
-297713.122   286.917    -5.50    8.62
-297337.087   288.793     4.99   11.22
-296961.051   291.419     6.98   10.94
-296585.013   293.270     4.92   10.23
-296208.974   295.998     7.25   10.11
-295832.933   297.322     3.52    9.57
-295456.890   296.944    -1.01   14.20
-295080.846   299.295     6.25   24.13
-294704.801   300.814     4.04   28.22
-294328.754   296.889   -10.44   26.99
-293952.705   294.504    -6.34   27.70
-293576.655   288.782   -15.22   21.76
-293200.603   281.599   -19.10   14.54
-292824.550   276.477   -13.62   10.36
-292448.496   278.135     4.41   10.80
-292072.440   280.109     5.25   11.32
-291696.382   284.317    11.19   12.84
-291320.323   287.728     9.07   10.63
-290944.262   285.898    -4.86   10.75
-290568.200   285.139    -2.02   12.51
-290192.136   281.671    -9.22   10.85
-289816.071   282.782     2.95   12.40
-289440.004   282.349    -1.15   14.60
-289063.935   282.701     0.93   13.08
-288687.866   277.241   -14.52   10.14
-288311.794   272.742   -11.96    9.45
-287935.721   269.265    -9.24   10.24
-287559.647   265.740    -9.37   10.61
-287183.570   263.511    -5.93   10.52
-286807.493   260.394    -8.29    8.46
-286431.414   259.898    -1.32    8.46
-286055.333   260.368     1.25    8.13
-285679.251   263.187     7.50    8.69
-285303.167   263.727     1.44    8.82
-284927.081   263.631    -0.26    8.00
-284550.994   260.161    -9.22    8.86
-284174.906   256.872    -8.75    7.94
-283798.816   255.058    -4.82    8.21
-283422.724   254.573    -1.29    7.97
-283046.631   253.457    -2.97    8.31
-282670.536   251.547    -5.08    6.33
-282294.440   250.403    -3.04    5.97
-281918.342   251.075     1.79    6.42
-281542.242   252.530     3.87    6.64
-281166.141   251.804    -1.93    7.14
-280790.039   250.025    -4.73    4.94
-280413.935   248.932    -2.91    5.14
-280037.829   246.932    -5.32    4.55
-279661.721   246.624    -0.82    4.60
-279285.613   246.056    -1.51    5.02
-278909.502   246.060     0.01    5.95
-278533.390   243.782    -6.06    7.35
-278157.276   242.025    -4.67    6.65
-277781.161   240.782    -3.31    5.19
-277405.044   239.902    -2.34    5.43
-277028.926   241.112     3.22    5.44
-276652.806   243.727     6.95    5.96
-276276.684   245.159     3.81    6.45
-275900.561   248.322     8.41    6.35
-275524.436   248.464     0.38    5.65
-275148.309   248.004    -1.22    5.32
-274772.181   245.983    -5.37    6.36
-274396.052   244.944    -2.76    7.60
-274019.920   244.398    -1.45    7.54
-273643.788   245.530     3.01    7.67
-273267.653   245.872     0.91    8.09
-272891.517   247.836     5.22    8.06
-272515.379   250.114     6.06    7.93
-272139.240   250.619     1.34    7.08
-271763.099   252.619     5.32    7.17
-271386.957   253.241     1.65    8.49
-271010.812   254.492     3.33    9.81
-270634.667   255.035     1.44    9.82
-270258.519   256.624     4.23    9.71
-269882.370   256.325    -0.80    7.58
-269506.219   259.346     8.03    7.14
-269130.067   259.742     1.05    8.54
-268753.913   257.268    -6.58   10.18
-268377.758   253.906    -8.94   11.46
-268001.601   251.944    -5.22   11.60
-267625.442   250.740    -3.20   10.00
-267249.281   250.188    -1.47    8.77
-266873.119   249.414    -2.06    7.54
-266496.956   246.268    -8.36    6.03
-266120.790   243.189    -8.19    6.60
-265744.623   239.829    -8.93    5.86
-265368.455   239.674    -0.41    7.01
-264992.284   240.728     2.80    7.46
-264616.112   240.052    -1.80    6.86
-264239.939   240.688     1.69    7.13
-263863.764   240.983     0.79    7.36
-263487.587   240.742    -0.64    7.43
-263111.408   241.368     1.66    6.94
-262735.228   239.793    -4.19    6.46
-262359.046   237.714    -5.53    6.55
-261982.863   237.951     0.63    6.47
-261606.677   239.009     2.81    7.05
-261230.491   239.530     1.38    6.48
-260854.302   239.267    -0.70    6.86
-260478.112   239.368     0.27    6.68
-260101.920   238.547    -2.18    5.45
-259725.726   238.889     0.91    5.12
-259349.531   238.881    -0.02    4.90
-258973.334   237.557    -3.52    5.01
-258597.136   236.430    -2.99    4.70
-258220.936   235.403    -2.73    5.70
-257844.734   234.160    -3.30    5.79
-257468.530   232.583    -4.19    5.56
-257092.325   231.782    -2.13    5.98
-256716.118   230.514    -3.37    4.23
-256339.909   230.342    -0.46    4.48
-255963.699   230.106    -0.63    5.33
-255587.487   229.265    -2.23    6.43
-255211.274   228.451    -2.16    6.88
-254835.058   227.714    -1.96    5.43
-254458.841   228.242     1.40    5.81
-254082.622   227.086    -3.07    5.66
-253706.402   227.936     2.26    6.03
-253330.180   227.496    -1.17    6.17
-252953.956   229.727     5.93    8.40
-252577.730   229.832     0.28    9.20
-252201.503   233.052     8.56    9.43
-251825.274   240.647    20.19   10.10
-251449.043   242.214     4.17    9.71
-251072.811   240.819    -3.71   10.80
-250696.577   237.659    -8.40   12.40
-250320.341   234.289    -8.96   10.11
-249944.104   230.701    -9.54    7.38
-249567.864   228.052    -7.04    7.47
-249191.623   229.161     2.95    7.18
-248815.381   228.793    -0.98    7.69
-248439.136   230.650     4.94    6.87
-248062.890   233.647     7.96    5.69
-247686.642   235.086     3.83    6.11
-247310.393   234.714    -0.99    6.35
-246934.141   235.112     1.06    6.57
-246557.888   235.932     2.18    6.67
-246181.634   236.245     0.83    8.10
-245805.377   239.317     8.16    7.95
-245429.119   241.836     6.69    8.36
-245052.859   242.619     2.08    8.55
-244676.597   242.951     0.88    7.89
-244300.334   243.492     1.44    7.05
-243924.069   244.240     1.99    6.82
-243547.802   246.009     4.70    6.51
-243171.533   249.268     8.66    8.15
-242795.263   252.676     9.06    8.08
-242418.990   255.778     8.25    8.00
-242042.717   258.650     7.63    7.62
-241666.441   261.944     8.75    8.70
-241290.163   261.753    -0.51    8.21
-240913.884   263.592     4.89    8.46
-240537.603   262.267    -3.52    9.57
-240161.321   261.376    -2.37    9.49
-239785.036   261.808     1.15    8.94
-239408.750   262.522     1.90    9.08
-239032.462   262.688     0.44    8.05
-238656.172   262.742     0.14    8.35
-238279.881   261.291    -3.86    8.51
-237903.587   264.686     9.02    8.45
-237527.292   270.214    14.69    9.58
-237150.996   275.342    13.63    9.47
-236774.697   280.268    13.09    7.84
-236398.397   284.214    10.49    6.43
-236022.094   285.419     3.20    6.18
-235645.791   282.265    -8.38   10.00
-235269.586   279.457    -7.46   11.11
-234893.632   278.445    -2.69   10.74
-234517.677   276.293    -5.72    8.82
-234141.720   277.575     3.41    8.29
-233765.761   276.890    -1.82    7.67
-233389.801   274.155    -7.27    6.57
-233013.838   271.445    -7.21    8.29
-232637.874   268.317    -8.32    8.49
-232261.908   265.464    -7.59    8.11
-231885.940   259.009   -17.17    9.39
-231509.971   253.353   -15.04    9.91
-231134.000   248.925   -11.78    8.30
-230758.026   245.214    -9.87    5.34
-230382.051   244.240    -2.59    5.43
-230006.075   244.977     1.96    6.97
-229630.096   243.676    -3.46    8.01
-229254.116   245.014     3.56   10.63
-228878.134   246.809     4.77   12.02
-228502.150   249.496     7.15   11.58
-228126.164   251.394     5.05   10.07
-227750.176   249.944    -3.86    9.54
-227374.187   247.430    -6.68    8.72
-226998.196   245.214    -5.89    7.69
-226622.203   241.793    -9.10    5.86
-226246.208   243.364     4.18    6.56
-225870.211   243.797     1.15    6.97
-225494.213   245.614     4.83    8.44
-225118.212   251.728    16.26   17.33
-224742.210   265.372    36.29   30.65
-224366.206   309.060   116.19   73.54
-223990.201   355.267   122.88   87.32
-223614.193   420.917   174.59   88.28
-223238.184   480.484   158.42   71.94
-222862.172   509.039    75.94   73.34
-222486.159   507.409    -4.34   60.92
-222110.144   492.188   -40.48   58.61
-221734.127   449.161  -114.43   66.40
-221358.109   402.268  -124.71   71.66
-220982.088   342.538  -158.84   72.61
-220606.066   292.131  -134.05   38.73
-220230.042   272.265   -52.83   22.28
-219854.016   263.239   -24.00   15.53
-219477.988   265.187     5.18   20.94
-219101.958   268.114     7.78   23.96
-218725.927   286.398    48.62   31.68
-218349.893   320.819    91.53   55.50
-217973.858   362.890   111.88   68.30
-217597.821   406.855   116.91   57.30
-217221.782   441.484    92.09   34.41
-216845.741   472.881    83.49   37.74
-216469.698   517.188   117.82   65.57
-216093.654   570.936   142.93   72.19
-215717.607   590.753    52.69   54.71
-215341.559   576.342   -38.32   69.40
-214965.509   519.357  -151.53   76.98
-214589.457   443.890  -200.68   76.98
-214213.403   378.295  -174.42   70.80
-213837.347   319.106  -157.39   63.43
-213461.289   274.464  -118.71   45.32
-213085.230   250.782   -62.97   27.71
-212709.168   238.855   -31.71   16.58
-212333.105   240.846     5.29   17.45
-211957.040   246.161    14.13   18.23
-211580.973   250.836    12.43   22.70
-211204.904   243.496   -19.52   34.03
-210828.833   230.267   -35.18   41.44
-210452.760   216.464   -36.70   49.06
-210076.685   211.451   -13.33   51.57
-209700.609   225.409    37.11   69.02
-209324.530   249.317    63.57   79.93
-208948.450   299.214   132.67   85.52
-208572.368   343.839   118.65   65.75
-208196.284   372.511    76.24   77.26
-207820.198   402.971    80.99   79.38
-207444.110   407.511    12.07   84.13
-207068.020   394.804   -33.79   87.74
-206691.928   367.809   -71.78   83.46
-206315.834   330.753   -98.53   80.28
-205939.739   285.496  -120.33   74.80
-205563.641   254.394   -82.70   72.44
-205187.542   218.187   -96.27   56.87
-204811.441   200.589   -46.79   47.97
-204435.338   206.846    16.63   63.73
-204059.232   217.020    27.05   77.17
-203683.125   221.538    12.01   82.13
-203307.016   194.160   -72.79   73.49
-202930.905   166.083   -74.65   46.03
-202554.793   147.573   -49.21   22.56
-202178.678   140.714   -18.24   11.44
-201802.561   145.898    13.78   14.65
-201426.442   150.688    12.73   15.08
-201050.322   157.159    17.20   18.55
-200674.199   168.624    30.48   30.95
-200298.075   180.917    32.68   41.81
-199921.949   187.112    16.47   45.22
-199545.820   196.778    25.70   50.01
-199169.690   185.846   -29.06   47.00
-198793.558   190.319    11.89   66.63
-198417.424   213.394    61.34   95.33
-198041.288   232.060    49.63   99.92
-197665.150   254.297    59.12   98.80
-197289.010   249.592   -12.51   82.69
-196912.868   239.728   -26.23   70.25
-196536.724   229.647   -26.80   63.97
-196160.578   195.872   -89.79   51.23
-195784.430   174.567   -56.64   43.57
-195408.280   157.164   -46.26   27.16
-195032.129   149.793   -19.60   15.01
-194655.975   150.242     1.19   15.58
-194279.819   149.137    -2.94   15.86
-193903.662   149.836     1.86   20.36
-193527.502   144.951   -12.99   14.87
-193151.341   139.767   -13.78   16.16
-192775.177   134.855   -13.06    9.91
-192399.012   131.025   -10.18    7.86
-192022.844   127.267    -9.99    8.13
-191646.675   124.764    -6.65    8.10
-191270.503   125.043     0.74   12.16
-190894.330   131.917    18.27   18.67
-190518.155   151.322    51.58   38.99
-190141.977   175.322    63.80   48.77
-189765.798   177.863     6.75   48.04
-189389.617   171.992   -15.61   51.48
-189013.433   155.339   -44.27   46.68
-188637.248   133.137   -59.02   30.31
-188261.061   119.106   -37.30   14.61
-187884.871   115.086   -10.69    8.61
-187508.680   118.346     8.66   10.97
-187132.487   122.346    10.63   10.85
-186756.291   125.977     9.65    7.13
-186380.094   126.265     0.77    5.68
-186003.895   125.881    -1.02    4.71
-185627.694   136.846    29.15   32.52
-185251.490   146.764    26.36   38.33
-184875.285   176.100    77.98   67.38
-184499.078   192.819    44.44   71.43
-184122.868   201.079    21.95   73.66
-183746.657   201.619     1.44   66.47
-183370.444   177.647   -63.72   45.13
-182994.228   166.770   -28.91   32.53
-182618.011   173.470    17.81   52.10
-182241.792   181.881    22.35   63.29
-181865.570   192.701    28.76   72.77
-181489.347   187.137   -14.79   77.78
-181113.121   156.267   -82.05   67.81
-180736.894   134.573   -57.66   45.61
-180360.664   118.714   -42.15    5.71
-179984.433   121.112     6.37    7.61
-179608.199   126.436    14.15    9.22
-179231.964   130.161     9.90    9.42
-178855.726   132.727     6.82    7.57
-178479.486   133.614     2.36    8.38
-178103.245   131.112    -6.65   10.13
-177727.001   129.624    -3.95    9.30
-177350.755   131.992     6.29   12.25
-176974.507   144.214    32.48   26.51
-176598.257   162.297    48.06   37.57
-176222.006   189.714    72.87   46.84
-175845.752   215.458    68.42   48.11
-175469.496   239.890    64.93   51.72
-175093.237   260.650    55.17   65.82
-174716.977   288.188    73.19   68.60
-174340.715   322.661    91.62   65.12
-173964.451   367.295   118.62   57.13
-173588.185   399.489    85.56   58.34
-173211.916   414.674    40.35   59.38
-172835.646   422.917    21.91   44.35
-172459.373   443.241    54.01   60.11
-172083.099   517.103   196.29  112.66
-171706.822   596.112   209.97  139.58
-171330.544   715.163   316.38  157.71
-170954.263   818.528   274.70  136.69
-170577.980   880.268   164.07   89.49
-170201.695   863.971   -43.31   95.85
-169825.408   798.925  -172.86  138.90
-169449.119   678.939  -318.86  146.62
-169072.828   584.755  -250.29  136.77
-168696.535   478.688  -281.87   98.73
-168320.240   414.109  -171.61   56.38
-167943.942   381.060   -87.82   25.12
-167567.643   365.701   -40.82    9.75
-167191.341   367.414     4.55   12.26
-166815.038   370.556     8.35   14.95
-166438.732   370.686     0.35   17.81
-166062.424   370.674    -0.03   24.22
-165686.114   373.992     8.82   30.07
-165309.802   371.214    -7.38   33.16
-164933.488   374.676     9.20   32.50
-164557.172   383.861    24.41   30.41
-164180.854   381.295    -6.82   32.07
-163804.533   361.809   -51.78   31.16
-163428.211   343.998   -47.33   30.16
-163051.886   326.753   -45.82   23.08
-162675.559   314.872   -31.57   14.67
-162299.230   305.394   -25.19   15.22
-161922.899   299.522   -15.60   11.10
-161546.566   296.214    -8.79   10.73
-161170.231   299.863     9.69   15.91
-160793.894   308.573    23.14   23.43
-160417.555   316.056    19.88   24.45
-160041.465   325.547    25.24   26.17
-159665.543   328.160     6.95   23.49
-159289.619   326.381    -4.73   23.82
-158913.693   323.295    -8.21   22.15
-158537.765   316.342   -18.49   18.40
-158161.835   316.123    -0.58   24.66
-157785.903   314.676    -3.85   28.33
-157409.969   304.293   -27.62   27.74
-157034.032   294.297   -26.59   20.37
-156658.094   282.906   -30.30   12.77
-156282.153   278.944   -10.54   12.97
-155906.210   273.035   -15.72   14.10
-155530.265   271.086    -5.18   12.63
-155154.318   272.265     3.14   14.40
-154778.368   291.106    50.11   41.41
-154402.417   319.504    75.53   58.83
-154026.463   332.214    33.81   62.19
-153650.507   346.742    38.64   72.78
-153274.550   322.511   -64.45   76.99
-152898.589   281.863  -108.12   63.83
-152522.627   255.403   -70.38   53.19
-152146.663   259.135     9.93   39.96
-151770.696   261.928     7.43   39.86
-151394.728   252.539   -24.97   50.47
-151018.757   228.293   -64.49   56.65
-150642.784   192.322   -95.67   38.44
-150266.809   170.137   -59.01   13.51
-149890.832   164.688   -14.49    8.22
-149514.852   160.793   -10.36    8.21
-149138.870   158.740    -5.46    7.21
-148762.887   158.291    -1.20    7.72
-148386.901   156.619    -4.45    8.29
-148010.913   156.009    -1.62    8.58
-147634.922   154.164    -4.91    9.76
-147258.930   156.742     6.86    9.81
-146882.935   158.052     3.48    9.82
-146506.938   155.971    -5.53   11.12
-146130.939   157.565     4.24   15.05
-145754.938   159.538     5.25   20.21
-145378.935   164.328    12.74   21.24
-145002.929   167.864     9.40   19.79
-144626.922   165.056    -7.47   18.51
-144250.912   158.106   -18.48   21.21
-143874.900   147.265   -28.83   23.25
-143498.885   138.609   -23.02   20.50
-143122.869   129.906   -23.14   13.46
-142746.850   128.484    -3.78    9.11
-142370.829   136.394    21.03   19.18
-141994.806   144.381    21.24   18.76
-141618.781   151.009    17.63   19.52
-141242.753   166.539    41.30   32.18
-140866.724   189.596    61.32   53.97
-140490.692   217.484    74.16   60.18
-140114.658   245.998    75.83   43.98
-139738.621   252.674    17.75   35.57
-139362.583   230.349   -59.37   38.27
-138986.542   213.297   -45.34   30.51
-138610.499   206.958   -16.86   24.12
-138234.454   221.342    38.25   39.06
-137858.407   245.898    65.30   52.81
-137482.357   275.030    77.47   43.21
-137106.305   294.753    52.45   34.76
-136730.251   308.599    36.82   29.55
-136354.195   309.998     3.72   25.39
-135978.136   311.394     3.71   24.88
-135602.076   312.881     3.95   25.74
-135226.013   306.470   -17.05   30.99
-134849.948   307.573     2.93   33.74
-134473.880   304.464    -8.27   38.56
-134097.811   286.317   -48.25   40.14
-133721.739   284.647    -4.44   38.66
-133345.665   290.295    15.02   43.88
-132969.588   299.674    24.94   53.76
-132593.510   293.714   -15.85   54.47
-132217.429   283.583   -26.94   50.83
-131841.346   276.701   -18.30   45.73
-131465.261   269.376   -19.48   34.70
-131089.173   270.009     1.68   32.48
-130713.083   272.470     6.54   34.58
-130336.991   267.240   -13.91   33.10
-129960.897   253.944   -35.35   36.93
-129584.800   232.291   -57.57   39.35
-129208.701   206.214   -69.33   28.69
-128832.600   199.425   -18.05   23.21
-128456.497   200.188     2.03   32.30
-128080.391   197.839    -6.24   28.57
-127704.284   198.009     0.45   30.86
-127328.173   203.398    14.33   38.12
-126952.061   198.770   -12.31   37.18
-126575.946   203.819    13.43   35.96
-126199.829   201.242    -6.85   37.05
-125823.710   210.661    25.04   40.81
-125447.589   221.547    28.94   43.52
-125071.465   233.376    31.45   45.12
-124695.339   250.573    45.72   38.12
-124319.211   248.650    -5.11   34.04
-123943.080   236.291   -32.86   35.58
-123566.947   214.701   -57.40   34.45
-123190.812   202.314   -32.93   30.54
-122814.675   196.836   -14.56   30.73
-122438.535   206.619    26.01   38.40
-122062.393   214.917    22.06   35.45
-121686.248   227.941    34.63   31.92
-121310.102   230.855     7.75   34.73
-120933.953   237.753    18.34   33.76
-120557.802   242.131    11.64   26.44
-120181.648   233.009   -24.25   23.71
-119805.492   222.075   -29.07   25.23
-119429.334   197.267   -65.95   31.05
-119053.174   176.394   -55.49   26.18
-118677.011   160.674   -41.79   17.32
-118300.846   164.135     9.20   24.34
-117924.679   183.522    51.54   40.66
-117548.509   209.614    69.36   45.93
-117172.337   226.647    45.28   41.99
-116796.163   239.547    34.29   36.74
-116419.987   249.983    27.74   37.45
-116043.808   246.863    -8.30   40.86
-115667.627   250.944    10.85   46.98
-115291.443   249.353    -4.23   47.20
-114915.257   237.188   -32.34   43.35
-114539.069   235.829    -3.61   38.71
-114162.879   234.103    -4.59   32.17
-113786.686   243.676    25.45   30.23
-113410.491   251.659    21.22   32.01
-113034.293   276.565    66.21   49.70
-112658.093   287.240    28.37   43.58
-112281.891   284.214    -8.04   46.76
-111905.687   278.240   -15.88   50.24
-111529.480   255.425   -60.65   30.96
-111153.271   253.764    -4.41   27.88
-110777.059   260.241    17.22   27.69
-110400.845   254.164   -16.15   26.57
-110024.629   253.265    -2.39   26.15
-109648.411   256.603     8.87   25.17
-109272.190   252.457   -11.02   23.09
-108895.967   241.592   -28.88   29.89
-108519.741   227.635   -37.10   33.13
-108143.513   212.599   -39.97   31.89
-107767.283   202.131   -27.82   33.18
-107391.050   169.064   -87.89   45.95
-107014.815   147.004   -58.63   43.34
-106638.578   125.131   -58.13   32.91
-106262.338   104.398   -55.10   19.26
-105886.096    94.804   -25.50   18.65
-105509.851    92.240    -6.81   18.67
-105133.605    94.079     4.89   27.84
-104757.355   106.112    31.98   33.62
-104381.104   119.565    35.76   42.51
-104004.850   122.064     6.64   48.41
-103628.594   119.014    -8.11   50.48
-103252.335   109.843   -24.37   45.75
-102876.074    96.187   -36.29   40.32
-102499.811    81.538   -38.93   32.70
-102123.545    70.836   -28.44   20.87
-101747.277    65.319   -14.66   16.39
-101371.006    68.075     7.32   21.36
-100994.733    71.689     9.60   25.14
-100618.458    67.932    -9.98   23.29
-100242.180    64.268    -9.74   19.92
 -99865.900    59.804   -11.86   14.02
 -99489.617    57.451    -6.25    8.18
 -99113.332    57.083    -0.98    7.19
 -98737.045    56.131    -2.53    6.02
 -98360.755    56.496     0.97    6.54
 -97984.463    55.020    -3.92    6.14
 -97608.169    55.753     1.95    6.22
 -97231.872    55.214    -1.43    6.03
 -96855.572    53.871    -3.57    5.42
 -96479.271    53.890     0.05    5.52
 -96102.967    52.674    -3.23    5.05
 -95726.660    51.403    -3.38    5.37
 -95350.351    51.322    -0.22    5.19
 -94974.040    50.992    -0.88    4.51
 -94597.726    51.439     1.19    5.22
 -94221.410    50.573    -2.30    5.78
 -93845.091    50.592     0.05    5.56
 -93468.770    50.368    -0.60    5.58
 -93092.447    49.293    -2.86    5.27
 -92716.121    51.291     5.31    6.07
 -92339.792    52.376     2.88    6.07
 -91963.462    53.188     2.16    6.43
 -91587.128    55.547     6.27    6.93
 -91210.793    55.496    -0.14    6.72
 -90834.455    55.676     0.48    6.96
 -90458.114    55.245    -1.14    8.33
 -90081.771    51.906    -8.87    7.65
 -89705.426    51.430    -1.27    7.27
 -89329.078    51.530     0.26    6.35
 -88952.728    53.511     5.26    5.63
 -88576.375    54.936     3.79    6.08
 -88200.020    54.977     0.11    6.31
 -87823.663    55.445     1.24    7.64
 -87447.303    53.056    -6.35    7.77
 -87070.940    50.951    -5.59    6.37
 -86694.575    52.112     3.08    6.38
 -86318.208    52.342     0.61    6.52
 -85941.838    53.511     3.11    7.23
 -85565.466    51.342    -5.76    5.61
 -85189.091    51.457     0.31    6.91
 -84813.160    51.977     1.38    8.68
 -84437.273    51.609    -0.98    8.76
 -84061.384    49.839    -4.71    6.68
 -83685.492    46.804    -8.07    6.50
 -83309.597    43.504    -8.78    5.80
 -82933.701    44.349     2.25    9.42
 -82557.802    52.268    21.07   16.24
 -82181.900    59.270    18.63   16.71
 -81805.996    65.661    17.00   15.10
 -81430.089    67.086     3.79   15.18
 -81054.180    67.268     0.48   14.80
 -80678.268    64.547    -7.24   13.43
 -80302.354    62.829    -4.57   11.38
 -79926.438    62.958     0.34   10.88
 -79550.519    62.944    -0.04    9.55
 -79174.598    64.496     4.13    9.43
 -78798.674    65.457     2.56    8.28
 -78422.747    66.240     2.08    7.47
 -78046.818    67.701     3.88    7.94
 -77670.887    69.839     5.69    7.88
 -77294.953    75.291    14.50    8.66
 -76919.017    79.793    11.98    8.56
 -76543.078    82.603     7.47    6.81
 -76167.136    84.727     5.65    5.25
 -75791.193    85.770     2.77    3.01
 -75415.246    85.932     0.43    2.51
 -75039.297    85.906    -0.07    2.40
 -74663.346    85.214    -1.84    3.62
 -74287.392    84.060    -3.07    4.29
 -73911.436    82.496    -4.16    4.93
 -73535.477    79.778    -7.23    4.72
 -73159.516    76.403    -8.98    6.70
 -72783.552    73.964    -6.49    6.23
 -72407.585    71.430    -6.74    5.15
 -72031.616    70.846    -1.55    5.81
 -71655.645    72.998     5.72    7.48
 -71279.671    75.714     7.22    6.72
 -70903.695    77.727     5.35    6.24
 -70527.716    79.319     4.24    6.25
 -70151.734    80.409     2.90    4.94
 -69775.750    81.599     3.17    3.02
 -69399.764    81.686     0.23    3.15
 -69023.774    80.265    -3.78    3.69
 -68647.783    78.701    -4.16    3.87
 -68271.789    77.511    -3.16    3.32
 -67895.792    76.661    -2.26    3.02
 -67519.793    76.676     0.04    3.13
 -67143.791    76.589    -0.23    3.32
 -66767.787    76.349    -0.64    2.47
 -66391.780    75.829    -1.38    2.56
 -66015.771    75.661    -0.45    2.79
 -65639.759    76.133     1.25    3.08
 -65263.744    76.863     1.94    2.89
 -64887.727    76.214    -1.73    3.82
 -64511.708    72.573    -9.68    5.58
 -64135.686    69.914    -7.07    5.04
 -63759.661    66.755    -8.40    5.24
 -63383.634    64.804    -5.19    5.67
 -63007.604    64.631    -0.46    5.55
 -62631.572    65.240     1.62    4.95
 -62255.537    67.009     4.70    3.09
 -61879.500    67.161     0.41    2.36
 -61503.460    66.267    -2.38    3.33
 -61127.417    64.958    -3.48    4.71
 -60751.372    62.439    -6.70    5.50
 -60375.325    60.647    -4.77    5.90
 -59999.274    60.439    -0.55    5.89
 -59623.222    60.188    -0.67    5.77
 -59247.166    59.917    -0.72    5.08
 -58871.108    61.484     4.17    3.96
 -58495.048    62.131     1.72    3.40
 -58118.985    61.714    -1.11    3.49
 -57742.919    60.814    -2.39    3.59
 -57366.851    60.742    -0.19    3.49
 -56990.780    60.264    -1.27    3.33
 -56614.706    60.349     0.23    3.30
 -56238.630    59.530    -2.18    4.33
 -55862.552    56.214    -8.82    5.57
 -55486.471    52.740    -9.24    7.59
 -55110.387    49.056    -9.80    8.71
 -54734.301    44.106   -13.16   10.09
 -54358.212    37.514   -17.53   10.89
 -53982.120    36.825    -1.83   10.65
 -53606.026    38.214     3.69   11.20
 -53229.929    41.083     7.63   11.58
 -52853.830    43.103     5.37   11.23
 -52477.728    43.863     2.02   10.80
 -52101.623    44.353     1.30   11.61
 -51725.516    46.060     4.54   10.88
 -51349.406    51.414    14.23    9.63
 -50973.294    55.728    11.47    8.33
 -50597.179    57.689     5.22    6.46
 -50221.061    58.925     3.28    5.06
 -49844.941    57.583    -3.57    5.72
 -49468.818    53.688   -10.35    6.78
 -49092.693    51.881    -4.80    5.45
 -48716.565    52.161     0.75    6.28
 -48340.434    50.353    -4.81   10.38
 -47964.301    49.573    -2.07   13.62
 -47588.165    45.917    -9.72   15.62
 -47212.026    42.789    -8.32   17.38
 -46835.885    40.547    -5.96   17.92
 -46459.741    35.131   -14.40   15.70
 -46083.595    30.998   -10.99   12.92
 -45707.446    28.353    -7.03   10.77
 -45331.294    25.188    -8.41    7.88
 -44955.139    23.624    -4.16    6.82
 -44578.982    22.430    -3.17    6.27
 -44202.823    22.814     1.02    6.71
 -43826.660    22.881     0.18    7.21
 -43450.496    22.688    -0.51    7.05
 -43074.328    21.863    -2.19    7.11
 -42698.158    19.855    -5.34    7.33
 -42321.985    15.855   -10.63    6.65
 -41945.809    14.409    -3.85    6.28
 -41569.631    14.701     0.78    7.21
 -41193.450    15.075     0.99    7.91
 -40817.267    16.086     2.69    8.36
 -40441.081    15.804    -0.75    8.17
 -40064.892    14.328    -3.92    7.10
 -39688.700    12.863    -3.90    5.83
 -39312.506    10.674    -5.82    4.05
 -38936.309    10.188    -1.29    2.31
 -38560.110    11.342     3.07    3.28
 -38183.908    12.133     2.10    4.84
 -37807.703    12.289     0.41    4.98
 -37431.495    11.932    -0.95    4.57
 -37055.285    11.214    -1.91    2.43
 -36679.072    11.728     1.36    1.59
 -36302.857    11.932     0.54    1.70
 -35926.638    11.881    -0.14    2.00
 -35550.418    12.492     1.62    2.46
 -35174.194    12.701     0.56    2.57
 -34797.968    13.103     1.07    2.65
 -34421.739    13.372     0.72    2.62
 -34045.507    13.009    -0.96    2.39
 -33669.273    12.995    -0.04    2.03
 -33293.036    12.322    -1.79    2.60
 -32916.796    11.319    -2.67    2.80
 -32540.554    10.376    -2.51    2.32
 -32164.309     9.958    -1.11    2.00
 -31788.061    10.079     0.32    1.96
 -31411.810     9.317    -2.03    2.36
 -31035.557     9.086    -0.61    2.57
 -30659.301     8.137    -2.52    2.34
 -30283.043     7.782    -0.94    2.36
 -29906.781     7.547    -0.62    2.35
 -29530.517     7.240    -0.82    2.33
 -29154.250     6.714    -1.40    2.12
 -28777.981     6.163    -1.47    2.43
 -28401.709     6.376     0.57    2.37
 -28025.434     6.161    -0.57    2.54
 -27649.156     5.983    -0.47    2.10
 -27272.876     5.714    -0.72    1.68
 -26896.593     5.983     0.72    2.12
 -26520.307     6.530     1.45    2.38
 -26144.019     6.917     1.03    2.55
 -25767.727     6.906    -0.03    2.45
 -25391.434     6.782    -0.33    2.50
 -25015.137     5.753    -2.73    1.93
 -24638.837     5.983     0.61    2.24
 -24262.535     6.214     0.61    2.12
 -23886.230     6.635     1.12    2.06
 -23509.923     7.624     2.63    1.85
 -23133.612     8.240     1.64    2.29
 -22757.299     9.295     2.80    2.54
 -22380.983    10.112     2.17    2.51
 -22004.665    10.755     1.71    2.46
 -21628.344    11.241     1.29    2.79
 -21252.019    12.135     2.38    3.05
 -20875.693    12.183     0.13    3.02
 -20499.363    11.701    -1.28    2.89
 -20123.031    11.056    -1.71    2.46
 -19746.696    10.297    -2.02    2.01
 -19370.358    10.112    -0.49    2.23
 -18994.017    10.492     1.01    2.09
 -18617.674    11.753     3.35    3.87
 -18241.328    13.767     5.35    4.46
 -17864.979    15.025     3.34    4.77
 -17488.627    14.060    -2.56    4.85
 -17112.273    12.214    -4.91    4.97
 -16735.916     9.804    -6.40    4.25
 -16359.556     8.075    -4.59    3.52
 -15983.193     6.881    -3.17    3.61
 -15606.827     7.971     2.90    5.66
 -15230.459    10.767     7.43    7.71
 -14854.088    13.484     7.22    7.92
 -14477.714    15.214     4.60    7.87
 -14101.338    16.419     3.20    6.47
 -13724.958    16.951     1.41    4.88
 -13348.576    17.103     0.40    5.53
 -12972.191    17.727     1.66    5.89
 -12595.803    18.159     1.15    5.82
 -12219.413    17.496    -1.76    5.55
 -11843.019    19.009     4.02    4.99
 -11466.623    20.295     3.42    5.57
 -11090.224    22.319     5.38    5.95
 -10713.822    24.676     6.26    4.23
 -10337.418    25.514     2.23    2.95
  -9961.126    25.538     0.06    3.01
  -9585.271    25.394    -0.39    3.03
  -9209.413    24.135    -3.35    3.24
  -8833.553    23.322    -2.16    3.56
  -8457.690    22.538    -2.09    3.57
  -8081.824    21.353    -3.15    3.03
  -7705.955    20.624    -1.94    2.80
  -7330.083    20.317    -0.82    2.76
  -6954.209    19.714    -1.60    2.38
  -6578.332    20.035     0.85    2.66
  -6202.451    20.242     0.55    2.87
  -5826.569    20.060    -0.48    2.73
  -5450.683    20.368     0.82    3.31
  -5074.794    20.214    -0.41    3.98
  -4698.903    19.556    -1.75    3.83
  -4323.009    18.547    -2.68    4.21
  -3947.112    17.464    -2.88    5.53
  -3571.212    14.863    -6.92    7.63
  -3195.310    12.214    -7.05    8.61
  -2819.404     9.035    -8.46    8.75
  -2443.496     5.575    -9.20    7.04
  -2067.585     3.674    -5.06    5.97
  -1691.671     2.353    -3.51    4.76
  -1315.754     0.855    -3.98    1.97
   -939.835     0.514    -0.91    1.34
   -563.912     0.214    -0.80    0.00
   -187.987     0.214     0.00    0.00
    187.941     0.214     0.00    0.00
    563.872     0.004    -0.56    0.41
    939.806     0.291     0.76    2.07
   1315.742     0.346     0.15    2.61
   1691.682     0.451     0.28    2.87
   2067.624     1.701     3.33    4.79
   2443.569     4.089     6.35    6.91
   2819.517     6.538     6.52    7.37
   3195.468     7.739     3.19    6.64
   3571.422     8.265     1.40    6.57
   3947.378     7.631    -1.69    6.54
   4323.338     7.079    -1.47    6.79
   4699.300     7.797     1.91    6.94
   5075.265     7.346    -1.20    5.57
   5451.233     8.464     2.97    5.03
   5827.204     9.547     2.88    5.42
   6203.178    10.714     3.10    5.39
   6579.154    12.451     4.62    4.44
   6955.134    14.188     4.62    3.63
   7331.116    13.906    -0.75    3.65
   7707.101    13.398    -1.35    4.10
   8083.090    12.688    -1.89    4.94
   8459.081    11.025    -4.42    6.20
   8835.074     8.789    -5.95    6.93
   9211.071     6.659    -5.67    6.30
   9587.071     6.814     0.41    6.46
   9963.073     5.425    -3.70    6.49
  10339.079     5.020    -1.08    6.18
  10715.087     4.971    -0.13    6.29
  11091.098     5.409     1.16    5.87
  11467.112     5.470     0.16    5.06
  11843.129     5.814     0.91    5.14
  12219.149     4.133    -4.47    4.52
  12595.172     3.089    -2.78    3.93
  12971.197     1.898    -3.17    3.22
  13347.226     1.504    -1.05    3.25
  13723.257     2.425     2.45    3.73
  14099.292     2.419    -0.01    3.61
  14475.329     2.346    -0.20    3.31
  14851.369     1.592    -2.00    2.66
  15227.412     2.239     1.72    4.63
  15603.458     3.186     2.52    5.63
  15979.507     3.368     0.48    5.85
  16355.559     2.342    -2.73    5.15
  16731.614     1.075    -3.37    3.16
  17107.671     0.322    -2.00    1.70
  17483.732     0.297    -0.07    1.50
  17859.795     0.240    -0.15    1.39
  18235.862     0.389     0.40    1.26
  18611.931     0.241    -0.39    1.24
  18988.003     0.314     0.19    1.37
  19364.079     0.372     0.15    1.24
  19740.157     0.556     0.49    1.26
  20116.238     0.556     0.00    1.21
  20492.322     0.753     0.52    1.17
  20868.409     0.983     0.61    1.20
  21244.499     1.325     0.91    1.21
  21620.591     1.599     0.73    1.14
  21996.687     1.742     0.38    1.25
  22372.786     1.906     0.44    1.13
  22748.887     2.137     0.61    1.49
  23124.992     2.353     0.57    1.64
  23501.099     2.755     1.07    1.89
  23877.210     3.214     1.22    2.08
  24253.323     3.451     0.63    2.29
  24629.440     3.470     0.05    1.98
  25005.559     3.106    -0.97    1.91
  25381.681     3.064    -0.11    1.21
  25757.807     3.214     0.40    1.45
  26133.935     2.925    -0.77    1.56
  26510.066     2.511    -1.10    1.84
  26886.200     2.086    -1.13    1.72
  27262.337     1.932    -0.41    1.57
  27638.477     2.159     0.60    1.71
  28014.620     2.137    -0.06    1.56
  28390.766     1.686    -1.20    1.28
  28766.915     1.676    -0.03    1.27
  29143.067     1.522    -0.41    1.32
  29519.222     1.920     1.06    1.64
  29895.380     1.944     0.06    1.69
  30271.541     2.030     0.23    1.72
  30647.705     2.056     0.07    1.70
  31023.872     1.464    -1.57    1.51
  31400.041     1.457    -0.02    1.34
  31776.214     1.414    -0.11    1.30
  32152.390     1.496     0.22    1.34
  32528.569     1.342    -0.41    1.13
  32904.751     1.403     0.16    1.15
  33280.935     2.240     2.22    1.94
  33657.123     2.804     1.50    1.96
  34033.314     3.186     1.02    1.98
  34409.508     3.060    -0.34    1.66
  34785.704     2.492    -1.51    1.72
  35161.904     2.635     0.38    1.76
  35538.107     2.778     0.38    1.86
  35914.313     2.745    -0.09    1.72
  36290.522     2.701    -0.12    1.76
  36666.733     2.609    -0.24    2.01
  37042.948     3.214     1.61    2.31
  37419.166     3.112    -0.27    3.01
  37795.387     2.809    -0.80    3.99
  38171.611     2.958     0.40    3.78
  38547.838     2.881    -0.20    4.29
  38924.067     2.983     0.27    4.15
  39300.300     2.538    -1.18    3.70
  39676.536     2.778     0.64    3.14
  40052.775     2.701    -0.20    2.57
  40429.017     2.409    -0.78    1.39
  40805.262     2.496     0.23    1.30
  41181.510     2.295    -0.53    1.04
  41557.761     2.161    -0.36    1.14
  41934.015     2.060    -0.27    1.27
  42310.273     1.620    -1.17    1.19
  42686.533     1.477    -0.38    1.11
  43062.796     1.056    -1.12    1.08
  43439.062     0.836    -0.59    1.28
  43815.332     0.932     0.26    1.52
  44191.604     0.890    -0.11    1.56
  44567.879     1.188     0.79    1.55
  44944.158     1.163    -0.07    1.32
  45320.439     0.925    -0.63    1.29
  45696.724     1.052     0.34    1.66
  46073.011     0.932    -0.32    1.38
  46449.302     1.137     0.55    1.60
  46825.596     1.214     0.20    1.56
  47201.893     1.496     0.75    1.56
  47578.192     1.403    -0.25    1.41
  47954.495     1.163    -0.64    1.43
  48330.801     1.188     0.07    1.35
  48707.110     1.308     0.32    1.12
  49083.422     1.188    -0.32    1.20
  49459.738     1.161    -0.07    1.27
  49836.056     1.295     0.36    1.26
  50212.377     1.394     0.26    1.25
  50588.701     1.270    -0.33    1.29
  50965.029     1.419     0.40    1.32
  51341.359     1.727     0.82    1.30
  51717.693     1.971     0.65    1.38
  52094.030     2.009     0.10    1.34
  52470.370     1.701    -0.82    1.39
  52846.712     1.547    -0.41    1.36
  53223.058     1.214    -0.89    1.47
  53599.407     1.547     0.89    1.58
  53975.760     2.241     1.84    1.77
  54352.115     1.925    -0.84    1.94
  54728.473     1.809    -0.31    1.92
  55104.834     1.433    -1.00    1.72
  55481.199     1.624     0.51    1.39
  55857.567     1.556    -0.18    1.28
  56233.937     1.742     0.49    1.36
  56610.311     1.932     0.51    1.59
  56986.688     1.992     0.16    1.81
  57363.068     1.740    -0.67    1.83
  57739.451     1.650    -0.24    1.64
  58115.837     1.376    -0.73    1.59
  58492.227     1.240    -0.36    1.60
  58868.619     1.035    -0.54    1.59
  59245.015     1.265     0.61    1.56
  59621.414     1.538     0.73    1.84
  59997.815     1.714     0.47    1.84
  60374.220     1.565    -0.39    1.65
  60750.628     1.647     0.22    1.64
  61127.040     1.674     0.07    1.66
  61503.454     1.986     0.83    2.18
  61879.871     1.958    -0.07    2.36
  62256.292     2.112     0.41    2.62
  62632.716     2.353     0.64    2.87
  63009.142     2.083    -0.72    2.91
  63385.572     1.575    -1.35    2.40
  63762.006     1.583     0.02    2.49
  64138.442     1.445    -0.37    2.49
  64514.881     0.998    -1.19    2.38
  64891.324     1.083     0.22    2.11
  65267.451     0.925    -0.42    1.86
  65643.271     0.624    -0.80    1.58
  66019.096     0.863     0.63    1.69
  66394.923     0.914     0.14    1.86
  66770.753     0.522    -1.04    2.14
  67146.586    -0.191    -1.90    1.88
  67522.423    -0.651    -1.22    1.70
  67898.263    -1.230    -1.54    1.46
  68274.106    -1.581    -0.93    0.77
  68649.952    -1.786    -0.55    0.00
  69025.801    -1.786     0.00    0.00
  69401.653    -1.786     0.00    0.00
  69777.509    -1.786     0.00    0.00
  70153.367    -1.786     0.00    0.00
  70529.229    -1.786     0.00    0.00
  70905.094    -1.786     0.00    0.00
  71280.962    -1.786     0.00    0.00
  71656.834    -1.786     0.00    0.00
  72032.708    -1.786     0.00    0.00
  72408.586    -1.786     0.00    0.00
  72784.466    -1.786     0.00    0.00
  73160.350    -1.786     0.00    0.00
  73536.237    -1.786     0.00    0.00
  73912.128    -1.786     0.00    0.00
  74288.021    -1.786     0.00    0.00
  74663.918    -1.786     0.00    0.00
  75039.818    -1.786     0.00    0.00
  75415.721    -1.786     0.00    0.00
  75791.627    -1.786     0.00    0.00
  76167.536    -1.786     0.00    0.00
  76543.449    -1.786     0.00    0.00
  76919.365    -1.786     0.00    0.00
  77295.284    -1.786     0.00    0.00
  77671.206    -1.786     0.00    0.00
  78047.131    -1.786     0.00    0.00
  78423.059    -1.786     0.00    0.00
  78798.991    -1.786     0.00    0.00
  79174.926    -1.786     0.00    0.00
  79550.864    -1.786     0.00    0.00
  79926.805    -1.786     0.00    0.00
  80302.750    -1.786     0.00    0.00
  80678.698    -1.786     0.00    0.00
  81054.649    -1.786     0.00    0.00
  81430.603    -1.786     0.00    0.00
  81806.560    -1.786     0.00    0.00
  82182.521    -1.786     0.00    0.00
  82558.484    -1.786     0.00    0.00
  82934.451    -1.786     0.00    0.00
  83310.422    -1.786     0.00    0.00
  83686.395    -1.786     0.00    0.00
  84062.372    -1.786     0.00    0.00
  84438.352    -1.786     0.00    0.00
  84814.335    -1.786     0.00    0.00
  85190.321    -1.786     0.00    0.00
  85566.311    -1.786     0.00    0.00
  85942.303    -1.786     0.00    0.00
  86318.299    -1.786     0.00    0.00
  86694.299    -1.786     0.00    0.00
  87070.301    -1.786     0.00    0.00
  87446.307    -1.786     0.00    0.00
  87822.316    -1.786     0.00    0.00
  88198.328    -1.786     0.00    0.00
  88574.343    -1.786     0.00    0.00
  88950.362    -1.786     0.00    0.00
  89326.384    -1.786     0.00    0.00
  89702.409    -1.786     0.00    0.00
  90078.438    -1.786     0.00    0.00
  90454.469    -1.786     0.00    0.00
  90830.504    -1.786     0.00    0.00
  91206.542    -1.786     0.00    0.00
  91582.584    -1.786     0.00    0.00
  91958.628    -1.786     0.00    0.00
  92334.676    -1.786     0.00    0.00
  92710.728    -1.786     0.00    0.00
  93086.782    -1.786     0.00    0.00
  93462.840    -1.786     0.00    0.00
  93838.901    -1.786     0.00    0.00
  94214.965    -1.786     0.00    0.00
  94591.033    -1.786     0.00    0.00
  94967.103    -1.786     0.00    0.00
  95343.178    -1.786     0.00    0.00
  95719.255    -1.786     0.00    0.00
  96095.336    -1.786     0.00    0.00
  96471.420    -1.786     0.00    0.00
  96847.507    -1.786     0.00    0.00
  97223.597    -1.786     0.00    0.00
  97599.691    -1.786     0.00    0.00
  97975.788    -1.786     0.00    0.00
  98351.888    -1.786     0.00    0.00
  98727.992    -1.786     0.00    0.00
  99104.099    -1.786     0.00    0.00
  99480.209    -1.786     0.00    0.00
  99856.323    -1.786     0.00    0.00
 100232.440    -1.786     0.00    0.00
 100608.560    -1.786     0.00    0.00
 100984.683    -1.786     0.00    0.00
 101360.810    -1.786     0.00    0.00
 101736.940    -1.786     0.00    0.00
 102113.073    -1.786     0.00    0.00
 102489.210    -1.786     0.00    0.00
 102865.350    -1.786     0.00    0.00
 103241.493    -1.786     0.00    0.00
 103617.640    -1.786     0.00    0.00
 103993.790    -1.786     0.00    0.00
 104369.943    -1.786     0.00    0.00
 104746.099    -1.786     0.00    0.00
 105122.259    -1.786     0.00    0.00
 105498.422    -1.786     0.00    0.00
 105874.589    -1.786     0.00    0.00
 106250.759    -1.786     0.00    0.00
 106626.932    -1.786     0.00    0.00
 107003.108    -1.786     0.00    0.00
 107379.288    -1.786     0.00    0.00
 107755.471    -1.786     0.00    0.00
 108131.658    -1.786     0.00    0.00
 108507.848    -1.786     0.00    0.00
 108884.041    -1.786     0.00    0.00
 109260.237    -1.786     0.00    0.00
 109636.437    -1.786     0.00    0.00
 110012.640    -1.786     0.00    0.00
 110388.847    -1.786     0.00    0.00
 110765.057    -1.786     0.00    0.00
 111141.270    -1.786     0.00    0.00
 111517.486    -1.786     0.00    0.00
 111893.706    -1.786     0.00    0.00
 112269.930    -1.786     0.00    0.00
 112646.156    -1.786     0.00    0.00
 113022.386    -1.786     0.00    0.00
 113398.620    -1.786     0.00    0.00
 113774.856    -1.786     0.00    0.00
 114151.096    -1.786     0.00    0.00
 114527.340    -1.786     0.00    0.00
 114903.587    -1.786     0.00    0.00
 115279.837    -1.786     0.00    0.00
 115656.090    -1.786     0.00    0.00
 116032.347    -1.786     0.00    0.00
 116408.608    -1.786     0.00    0.00
 116784.871    -1.786     0.00    0.00
 117161.138    -1.786     0.00    0.00
 117537.409    -1.786     0.00    0.00
 117913.683    -1.786     0.00    0.00
 118289.960    -1.786     0.00    0.00
 118666.240    -1.786     0.00    0.00
 119042.524    -1.786     0.00    0.00
 119418.812    -1.786     0.00    0.00
 119795.102    -1.786     0.00    0.00
 120171.397    -1.786     0.00    0.00
 120547.694    -1.786     0.00    0.00
 120923.995    -1.786     0.00    0.00
 121300.299    -1.786     0.00    0.00
 121676.607    -1.786     0.00    0.00
 122052.918    -1.786     0.00    0.00
 122429.233    -1.786     0.00    0.00
 122805.551    -1.786     0.00    0.00
 123181.872    -1.786     0.00    0.00
 123558.197    -1.786     0.00    0.00
 123934.525    -1.786     0.00    0.00
 124310.856    -1.786     0.00    0.00
 124687.191    -1.786     0.00    0.00
 125063.530    -1.786     0.00    0.00
 125439.872    -1.786     0.00    0.00
 125816.217    -1.786     0.00    0.00
 126192.565    -1.786     0.00    0.00
 126568.917    -1.786     0.00    0.00
 126945.273    -1.786     0.00    0.00
 127321.632    -1.786     0.00    0.00
 127697.994    -1.786     0.00    0.00
 128074.360    -1.786     0.00    0.00
 128450.729    -1.786     0.00    0.00
 128827.102    -1.786     0.00    0.00
 129203.478    -1.786     0.00    0.00
 129579.857    -1.786     0.00    0.00
 129956.240    -1.786     0.00    0.00
 130332.627    -1.786     0.00    0.00
 130709.017    -1.786     0.00    0.00
 131085.410    -1.786     0.00    0.00
 131461.807    -1.786     0.00    0.00
 131838.207    -1.786     0.00    0.00
 132214.610    -1.786     0.00    0.00
 132591.017    -1.786     0.00    0.00
 132967.428    -1.786     0.00    0.00
 133343.842    -1.786     0.00    0.00
 133720.259    -1.786     0.00    0.00
 134096.680    -1.786     0.00    0.00
 134473.105    -1.786     0.00    0.00
 134849.532    -1.786     0.00    0.00
 135225.964    -1.786     0.00    0.00
 135602.398    -1.786     0.00    0.00
 135978.837    -1.786     0.00    0.00
 136355.278    -1.786     0.00    0.00
 136731.723    -1.786     0.00    0.00
 137108.172    -1.786     0.00    0.00
 137484.624    -1.786     0.00    0.00
 137861.080    -1.786     0.00    0.00
 138237.539    -1.786     0.00    0.00
 138614.001    -1.786     0.00    0.00
 138990.467    -1.786     0.00    0.00
 139366.937    -1.786     0.00    0.00
 139743.410    -1.786     0.00    0.00
 140119.886    -1.786     0.00    0.00
 140495.813    -1.786     0.00    0.00
 140871.606    -1.786     0.00    0.00
 141247.402    -1.786     0.00    0.00
 141623.202    -1.786     0.00    0.00
 141999.006    -1.786     0.00    0.00
 142374.813    -1.786     0.00    0.00
 142750.623    -1.786     0.00    0.00
 143126.437    -1.786     0.00    0.00
 143502.255    -1.786     0.00    0.00
 143878.076    -1.786     0.00    0.00
 144253.900    -1.786     0.00    0.00
 144629.728    -1.786     0.00    0.00
 145005.559    -1.786     0.00    0.00
 145381.394    -1.786     0.00    0.00
 145757.233    -1.786     0.00    0.00
 146133.075    -1.786     0.00    0.00
 146508.920    -1.786     0.00    0.00
 146884.769    -1.786     0.00    0.00
 147260.621    -1.786     0.00    0.00
 147636.477    -1.786     0.00    0.00
 148012.337    -1.786     0.00    0.00
 148388.200    -1.786     0.00    0.00
 148764.066    -1.786     0.00    0.00
 149139.936    -1.786     0.00    0.00
 149515.810    -1.786     0.00    0.00
 149891.687    -1.786     0.00    0.00
 150267.567    -1.786     0.00    0.00
 150643.451    -1.786     0.00    0.00
 151019.339    -1.786     0.00    0.00
 151395.230    -1.786     0.00    0.00
 151771.125    -1.786     0.00    0.00
 152147.023    -1.786     0.00    0.00
 152522.925    -1.786     0.00    0.00
 152898.830    -1.786     0.00    0.00
 153274.739    -1.786     0.00    0.00
 153650.651    -1.786     0.00    0.00
 154026.567    -1.786     0.00    0.00
 154402.486    -1.786     0.00    0.00
 154778.409    -1.786     0.00    0.00
